     0.00000 
     0.00000 
     0.00000 
     0.00000 
     0.00000 
     0.00000 
     0.00000 
     0.00000 
     0.00000 
     0.00000 
     0.49757 
     0.55446 
     0.63529 
     0.71760 
     0.72657 
     0.68421 
     0.67127 
     0.70412 
     0.76257 
     0.83763 
     0.92244 
     1.02505 
     1.14277 
     1.28068 
     1.43267 
     1.59891 
     1.75447 
     1.92204 
     2.07561 
     2.23900 
     2.39949 
     2.54653 
     2.65002 
     2.70103 
     2.72808 
     2.76805 
     2.81476 
     2.86508 
     2.88035 
     2.87191 
     2.84978 
     2.84384 
     2.81967 
     2.80858 
     2.78405 
     2.75418 
     2.73685 
     2.71220 
     2.68912 
     2.66389 
     2.63376 
     2.60690 
     2.57195 
     2.54408 
     2.48571 
     2.44265 
     2.39928 
     2.35183 
     2.30658 
     2.25314 
     2.19574 
     2.16082 
     2.11102 
     2.06898 
     2.01329 
     1.96168 
     1.92233 
     1.88443 
     1.84032 
     1.81232 
     1.78167 
     1.75182 
     1.72147 
     1.69129 
     1.65987 
     1.62682 
     1.59392 
     1.56521 
     1.52964 
     1.50488 
     1.47420 
     1.44784 
     1.42440 
     1.39409 
     1.37240 
     1.35740 
     1.33666 
     1.31226 
     1.29881 
     1.28770 
     1.29049 
     1.28739 
     1.28894 
     1.27612 
     1.26268 
     1.22964 
     1.20212 
     1.15913 
     1.10994 
     1.06471 
     1.01932 
     0.97405 
     0.93567 
     0.90534 
     0.88386 
     0.86244 
     0.84716 
     0.83208 
     0.82115 
     0.80940 
     0.79722 
     0.79134 
     0.78182 
     0.76537 
     0.75628 
     0.74559 
     0.73313 
     0.71521 
     0.70215 
     0.68033 
     0.66982 
     0.64878 
     0.63119 
     0.62261 
     0.60840 
     0.59683 
     0.58779 
     0.58751 
     0.58183 
     0.57823 
     0.57782 
     0.57955 
     0.57705 
     0.57681 
     0.57413 
     0.56915 
     0.56004 
     0.55666 
     0.53962 
     0.52873 
     0.51176 
     0.49857 
     0.47879 
     0.46225 
     0.44450 
     0.42457 
     0.41245 
     0.39917 
     0.38841 
     0.38090 
     0.37301 
     0.36382 
     0.36027 
     0.35561 
     0.35065 
     0.34546 
     0.34499 
     0.33772 
     0.33207 
     0.32697 
     0.32437 
     0.31891 
     0.31467 
     0.31252 
     0.30958 
     0.30609 
     0.30128 
     0.29682 
     0.29323 
     0.29223 
     0.28781 
     0.28600 
     0.28423 
     0.28031 
     0.27753 
     0.27524 
     0.27405 
     0.27257 
     0.27143 
     0.26682 
     0.26372 
     0.26177 
     0.25979 
     0.25807 
     0.25316 
     0.25441 
     0.25456 
     0.25362 
     0.24965 
     0.24779 
     0.24994 
     0.24945 
     0.24921 
     0.24934 
     0.24976 
     0.24993 
     0.24896 
     0.24722 
     0.24433 
     0.24391 
     0.23979 
     0.23438 
     0.23318 
     0.23144 
     0.22592 
     0.21847 
     0.21729 
     0.21008 
     0.20770 
     0.20644 
     0.20490 
     0.20280 
     0.20339 
     0.20421 
     0.20391 
     0.20678 
     0.20736 
     0.21087 
     0.21213 
     0.21584 
     0.22356 
     0.22641 
     0.22937 
     0.23279 
     0.23619 
     0.23718 
     0.24066 
     0.24191 
     0.24160 
     0.24390 
     0.23949 
     0.24106 
     0.24119 
     0.23324 
     0.23100 
     0.22545 
     0.21836 
     0.21226 
     0.20602 
     0.19848 
     0.18985 
     0.18350 
     0.17616 
     0.16938 
     0.16287 
     0.15856 
     0.15012 
     0.14632 
     0.14229 
     0.14004 
     0.13575 
     0.13418 
     0.13317 
     0.13138 
     0.12932 
     0.12738 
     0.12899 
     0.12486 
     0.12477 
     0.12553 
     0.12563 
     0.12357 
     0.12270 
     0.12087 
     0.12031 
     0.12110 
     0.11871 
     0.11920 
     0.11907 
     0.11940 
     0.11879 
     0.11956 
     0.11796 
     0.11605 
     0.11829 
     0.11627 
     0.11678 
     0.11661 
     0.11708 
     0.11736 
     0.11686 
     0.11557 
     0.11476 
     0.11378 
     0.11428 
     0.11327 
     0.11258 
     0.11369 
     0.11246 
     0.11197 
     0.11133 
     0.11186 
     0.10917 
     0.11089 
     0.10854 
     0.10877 
     0.10914 
     0.10821 
     0.10703 
     0.10566 
     0.10479 
     0.10552 
     0.10508 
     0.10273 
     0.10243 
     0.10083 
     0.09861 
     0.09825 
     0.09663 
     0.09649 
     0.09525 
     0.09568 
     0.09473 
     0.09456 
     0.09311 
     0.09191 
     0.09241 
     0.09196 
     0.09292 
     0.08971 
     0.09056 
     0.09093 
     0.09067 
     0.09060 
     0.08923 
     0.09069 
     0.09052 
     0.09049 
     0.09083 
     0.09196 
     0.09293 
     0.09292 
     0.09340 
     0.09259 
     0.09351 
     0.09501 
     0.09454 
     0.09736 
     0.09692 
     0.09943 
     0.10139 
     0.10128 
     0.10175 
     0.10263 
     0.10329 
     0.10549 
     0.10584 
     0.10318 
     0.10324 
     0.10310 
     0.10274 
     0.09996 
     0.09950 
     0.09944 
     0.09929 
     0.09787 
     0.09854 
     0.09605 
     0.09572 
     0.09531 
     0.09464 
     0.09336 
     0.09306 
     0.09207 
     0.09198 
     0.09244 
     0.09044 
     0.08893 
     0.08858 
     0.08609 
     0.08509 
     0.08533 
     0.08291 
     0.08140 
     0.07809 
     0.07736 
     0.07592 
     0.07262 
     0.07035 
     0.07050 
     0.06862 
     0.06736 
     0.06738 
     0.06523 
     0.06472 
     0.06335 
     0.06234 
     0.06270 
     0.06169 
     0.06139 
     0.06115 
     0.06218 
     0.06139 
     0.06143 
     0.06082 
     0.06132 
     0.06209 
     0.06168 
     0.06267 
     0.06205 
     0.06245 
     0.06239 
     0.06288 
     0.06345 
     0.06393 
     0.06323 
     0.06491 
     0.06528 
     0.06442 
     0.06578 
     0.06571 
     0.06750 
     0.06743 
     0.06831 
     0.06890 
     0.06802 
     0.07021 
     0.07032 
     0.07123 
     0.07030 
     0.07095 
     0.07049 
     0.07028 
     0.07039 
     0.06973 
     0.06965 
     0.06980 
     0.06904 
     0.06739 
     0.06710 
     0.06635 
     0.06425 
     0.06392 
     0.06308 
     0.06169 
     0.06010 
     0.05938 
     0.05938 
     0.05855 
     0.05749 
     0.05556 
     0.05440 
     0.05405 
     0.05377 
     0.05341 
     0.05333 
     0.05254 
     0.05158 
     0.05146 
     0.05098 
     0.04912 
     0.04972 
     0.04843 
     0.04994 
     0.04965 
     0.04744 
     0.04765 
     0.04611 
     0.04678 
     0.04601 
     0.04493 
     0.04482 
     0.04495 
     0.04445 
     0.04326 
     0.04432 
     0.04224 
     0.04247 
     0.04127 
     0.04075 
     0.04036 
     0.03998 
     0.03866 
     0.03885 
     0.03781 
     0.03757 
     0.03710 
     0.03602 
     0.03528 
     0.03570 
     0.03468 
     0.03431 
     0.03374 
     0.03318 
     0.03220 
     0.03130 
     0.03189 
     0.03141 
     0.03142 
     0.03004 
     0.03075 
     0.03141 
     0.03046 
     0.03026 
     0.02998 
     0.02902 
     0.02948 
     0.03007 
     0.02863 
     0.02999 
     0.02951 
     0.02966 
     0.03051 
     0.03123 
     0.03005 
     0.03123 
     0.03101 
     0.03230 
     0.03249 
     0.03370 
     0.03499 
     0.03462 
     0.03557 
     0.03652 
     0.03758 
     0.03910 
     0.04130 
     0.04223 
     0.04302 
     0.04717 
     0.04772 
     0.05039 
     0.05272 
     0.05576 
     0.06037 
     0.06290 
     0.06584 
     0.06928 
     0.07427 
     0.07862 
     0.08324 
     0.08756 
     0.09292 
     0.09735 
     0.10126 
     0.10801 
     0.11160 
     0.11527 
     0.11932 
     0.12225 
     0.12502 
     0.12757 
     0.12863 
     0.12913 
     0.12868 
     0.12606 
     0.12709 
     0.12327 
     0.12152 
     0.11806 
     0.11396 
     0.11106 
     0.10522 
     0.10031 
     0.09567 
     0.08992 
     0.08330 
     0.07839 
     0.07326 
     0.06770 
     0.06293 
     0.05759 
     0.05322 
     0.04944 
     0.04496 
     0.04146 
     0.03763 
     0.03374 
     0.03205 
     0.02962 
     0.02717 
     0.02496 
     0.02384 
     0.02237 
     0.02107 
     0.01945 
     0.01936 
     0.01860 
     0.01836 
     0.01792 
     0.01735 
     0.01684 
     0.01710 
     0.01667 
     0.01676 
     0.01694 
     0.01664 
     0.01674 
     0.01559 
     0.01643 
     0.01702 
     0.01636 
     0.01574 
     0.01624 
     0.01639 
     0.01551 
     0.01570 
     0.01535 
     0.01586 
     0.01514 
     0.01590 
     0.01476 
     0.01495 
     0.01447 
     0.01467 
     0.01421 
     0.01410 
     0.01444 
     0.01364 
     0.01383 
     0.01397 
     0.01350 
     0.01343 
     0.01293 
     0.01329 
     0.01302 
     0.01312 
     0.01311 
     0.01281 
     0.01197 
     0.01270 
     0.01245 
     0.01226 
     0.01256 
     0.01299 
     0.01242 
     0.01259 
     0.01281 
     0.01347 
     0.01324 
     0.01364 
     0.01361 
     0.01383 
     0.01408 
     0.01449 
     0.01481 
     0.01463 
     0.01506 
     0.01559 
     0.01594 
     0.01649 
     0.01640 
     0.01680 
     0.01670 
     0.01768 
     0.01785 
     0.01807 
     0.01814 
     0.01830 
     0.01802 
     0.01914 
     0.01886 
     0.01865 
     0.01911 
     0.01873 
     0.01807 
     0.01833 
     0.01816 
     0.01814 
     0.01709 
     0.01718 
     0.01711 
     0.01670 
     0.01547 
     0.01497 
     0.01513 
     0.01457 
     0.01413 
     0.01358 
     0.01374 
     0.01353 
     0.01255 
     0.01261 
     0.01211 
     0.01209 
     0.01159 
     0.01163 
     0.01099 
     0.01061 
     0.01130 
     0.01024 
     0.01047 
     0.00985 
     0.01022 
     0.01005 
     0.00939 
     0.00928 
     0.00926 
     0.00958 
     0.00935 
     0.00928 
     0.00891 
     0.00908 
     0.00867 
     0.00884 
     0.00841 
     0.00842 
     0.00859 
     0.00868 
     0.00860 
     0.00776 
     0.00789 
     0.00767 
     0.00789 
     0.00769 
     0.00722 
     0.00778 
     0.00730 
     0.00769 
     0.00758 
     0.00729 
     0.00741 
     0.00704 
     0.00743 
     0.00695 
     0.00715 
     0.00687 
     0.00729 
     0.00702 
     0.00686 
     0.00726 
     0.00685 
     0.00695 
     0.00688 
     0.00659 
     0.00662 
     0.00649 
     0.00666 
     0.00659 
     0.00668 
     0.00664 
     0.00667 
     0.00657 
     0.00671 
     0.00682 
     0.00680 
     0.00687 
     0.00644 
     0.00653 
     0.00636 
     0.00664 
     0.00689 
     0.00659 
     0.00661 
     0.00684 
     0.00656 
     0.00653 
     0.00718 
     0.00710 
     0.00681 
     0.00649 
     0.00705 
     0.00681 
     0.00715 
     0.00736 
     0.00705 
     0.00708 
     0.00749 
     0.00740 
     0.00781 
     0.00790 
     0.00770 
     0.00804 
     0.00834 
     0.00828 
     0.00838 
     0.00893 
     0.00889 
     0.00914 
     0.00918 
     0.00957 
     0.00955 
     0.00984 
     0.01019 
     0.01067 
     0.01004 
     0.00995 
     0.01046 
     0.01064 
     0.01059 
     0.01073 
     0.01131 
     0.01104 
     0.01079 
     0.01082 
     0.01086 
     0.01105 
     0.01073 
     0.01123 
     0.01079 
     0.01068 
     0.01074 
     0.01064 
     0.01038 
     0.01044 
     0.01054 
     0.01046 
     0.01047 
     0.00985 
     0.00983 
     0.00993 
     0.01013 
     0.00966 
     0.00961 
     0.01016 
     0.00985 
     0.00973 
     0.00944 
     0.00988 
     0.00969 
     0.00983 
     0.00934 
     0.00917 
     0.00971 
     0.00927 
     0.00911 
     0.00899 
     0.00875 
     0.00933 
     0.00890 
     0.00893 
     0.00888 
     0.00887 
     0.00894 
     0.00844 
     0.00858 
     0.00851 
     0.00828 
     0.00833 
     0.00809 
     0.00809 
     0.00783 
     0.00776 
     0.00744 
     0.00763 
     0.00778 
     0.00747 
     0.00763 
     0.00775 
     0.00719 
     0.00762 
     0.00725 
     0.00687 
     0.00687 
     0.00668 
     0.00669 
     0.00698 
     0.00684 
     0.00668 
     0.00667 
     0.00653 
     0.00647 
     0.00635 
     0.00641 
     0.00601 
     0.00656 
     0.00577 
     0.00625 
     0.00602 
     0.00595 
     0.00573 
     0.00594 
     0.00559 
     0.00559 
     0.00589 
     0.00545 
     0.00563 
     0.00553 
     0.00535 
     0.00533 
     0.00559 
     0.00559 
     0.00492 
     0.00501 
     0.00511 
     0.00500 
     0.00513 
     0.00501 
     0.00507 
     0.00520 
     0.00468 
     0.00465 
     0.00517 
     0.00537 
     0.00522 
     0.00501 
     0.00486 
     0.00466 
     0.00489 
     0.00501 
     0.00474 
     0.00493 
     0.00509 
     0.00530 
     0.00518 
     0.00550 
     0.00555 
     0.00555 
     0.00595 
     0.00596 
     0.00659 
     0.00698 
     0.00764 
     0.00823 
     0.00908 
     0.01062 
     0.01187 
     0.01336 
     0.01458 
     0.01630 
     0.01849 
     0.02120 
     0.02355 
     0.02685 
     0.02906 
     0.03001 
     0.03335 
     0.03514 
     0.03706 
     0.03859 
     0.03834 
     0.03810 
     0.03663 
     0.03556 
     0.03185 
     0.02907 
     0.02551 
     0.02275 
     0.01783 
     0.01502 
     0.01180 
     0.00902 
     0.00734 
     0.00542 
     0.00444 
     0.00365 
     0.00318 
     0.00292 
     0.00286 
     0.00276 
     0.00295 
     0.00304 
     0.00346 
     0.00379 
     0.00431 
     0.00497 
     0.00556 
     0.00295 
     0.00000 
     0.00000 
     0.00000 
     0.00000 
     0.00000 
     0.00000 
     0.00000 
     0.00000 
     0.00000 
     0.00000 
     0.00000 
     0.00000 
     0.00000 
     0.00000 
     0.00000 
     0.00000 
     0.00000 
     0.00000 
     0.00000 
     0.00000 
     0.00000 
     0.00000 
     0.00000 
     0.00000 
     0.00000 
     0.00000 
     0.00000 
     0.00000 
     0.00000 
     0.00000 
     0.00000 
     0.00000 
     0.00000 
     0.00000 
     0.00000 
     0.00000 
     0.00000 
     0.00000 
     0.00000 
     0.00000 
     0.00000 
     0.00000 
     0.00000 
     0.00000 
     0.00000 
     0.00000 
     0.00000 
     0.00000 
     0.00000 
     0.00000 
     0.00000 
     0.00000 
     0.00000 
     0.00000 
     0.00000 
     0.00000 
     0.00000 
     0.00000 
     0.00000 
     0.00000 
     0.00000 
     0.00000 
     0.00000 
     0.00000 
     0.00000 
     0.00000 
     0.00000 
     0.00000 
     0.00000 
     0.00000 
     0.00000 
     0.00000 
     0.00000 
     0.00000 
     0.00000 
     0.00000 
