         0
         0
         0
         0
         0
         0
         0
         0
         0
         0
     14096
     14172
     14240
     14564
     14439
     14595
     14405
     14414
     14635
     14477
     14576
     14818
     14759
     14689
     14813
     14926
     14823
     14632
     14886
     14844
     14890
     15051
     15009
     15254
     15130
     15060
     15159
     15256
     15409
     15456
     15453
     15217
     15445
     15361
     15505
     15451
     15390
     15452
     15469
     15358
     15588
     15369
     15261
     15533
     15475
     15242
     15370
     15750
     15725
     15422
     15670
     15567
     15861
     15762
     15947
     15907
     16024
     15983
     16104
     16115
     16258
     16252
     16477
     16564
     16717
     16922
     16799
     17182
     17198
     17327
     17570
     17932
     18140
     18063
     18303
     18549
     19028
     19139
     19479
     19561
     19843
     19991
     20454
     20648
     20815
     20992
     21422
     21689
     21936
     22525
     22631
     23177
     23313
     23807
     23960
     24227
     24725
     25040
     25374
     25581
     26150
     26430
     26712
     26954
     27349
     27746
     27891
     28108
     28792
     29153
     29125
     29468
     29969
     30514
     30761
     30884
     31356
     31585
     31764
     32169
     32181
     32552
     33194
     33147
     32986
     33530
     33542
     33639
     33880
     34163
     34520
     34472
     35121
     34903
     35110
     35230
     35258
     35377
     35571
     35811
     35814
     35642
     36240
     35969
     35753
     36116
     36246
     36334
     36228
     36704
     36386
     36536
     36576
     36774
     36907
     36479
     36766
     36960
     36983
     36839
     36813
     36807
     36949
     37020
     36877
     36929
     36994
     37068
     37038
     37190
     36925
     37204
     37222
     37362
     37061
     37250
     37550
     37519
     37199
     36854
     37107
     37475
     37057
     37121
     37397
     37399
     37521
     37661
     37399
     37521
     37356
     37343
     37907
     37872
     37760
     37817
     38321
     37977
     38287
     38323
     38673
     38193
     38065
     38283
     38537
     38330
     38551
     38682
     38779
     38342
     38499
     38835
     38344
     38630
     38817
     38326
     38395
     38126
     38457
     38158
     38010
     37887
     37855
     37789
     37653
     38005
     37075
     37478
     37163
     37115
     36716
     36678
     36620
     36680
     36128
     36385
     36477
     36053
     35582
     35646
     35476
     35372
     35376
     35462
     35235
     35256
     34740
     34813
     34536
     34381
     34738
     34166
     34067
     34289
     34273
     33755
     33748
     33624
     34038
     33549
     33497
     33251
     33299
     33165
     33073
     32788
     32915
     32812
     32439
     32608
     32323
     32048
     32077
     32232
     31752
     31916
     31777
     31448
     31549
     31276
     31205
     31061
     31289
     30932
     31189
     30553
     30926
     30689
     30620
     30619
     30372
     30409
     30468
     30063
     30239
     30285
     30059
     30125
     29938
     29859
     29524
     29683
     29408
     29349
     28967
     29551
     28793
     29004
     29068
     28656
     28688
     28839
     28506
     28431
     28110
     28269
     28156
     28437
     27922
     27928
     27837
     27619
     27742
     27841
     27681
     27414
     27559
     27486
     27154
     27153
     27096
     26930
     26979
     26886
     26791
     26915
     26476
     26601
     26768
     26040
     26251
     26127
     26115
     26090
     25857
     25747
     25685
     25858
     25428
     25405
     25438
     25603
     25569
     25245
     25486
     25086
     25071
     24998
     24957
     24941
     25012
     24669
     24701
     24581
     24712
     24438
     24518
     24219
     24408
     24084
     23969
     24126
     24125
     24103
     23850
     23489
     23681
     24162
     23391
     23795
     23352
     23525
     23540
     23592
     23404
     23344
     23085
     23098
     23020
     23050
     23099
     23020
     22877
     22799
     22814
     22959
     22761
     22739
     22737
     22646
     22193
     22236
     22554
     22060
     22125
     22254
     22342
     22092
     22059
     21931
     21848
     21708
     21856
     21922
     21892
     21643
     21761
     21114
     21632
     21412
     21401
     21205
     21136
     21249
     21048
     21076
     20944
     20967
     21248
     20890
     21128
     20824
     20677
     20507
     20634
     20456
     20624
     20710
     20841
     20319
     20370
     20617
     20223
     20186
     20019
     20064
     20250
     19800
     20067
     19919
     19968
     19867
     19849
     19803
     19847
     19653
     19437
     19750
     19574
     19443
     19497
     19636
     19740
     19586
     19548
     19506
     19482
     19573
     19364
     19525
     19461
     19237
     18730
     19170
     19074
     19056
     19262
     19183
     18975
     19025
     19041
     19223
     19002
     19168
     18628
     18876
     18806
     18706
     18689
     18662
     18726
     18630
     18469
     18348
     18515
     18650
     18602
     18527
     18538
     18349
     18571
     17977
     18358
     18540
     18297
     18402
     18127
     18008
     17927
     17954
     17970
     17775
     17887
     17803
     18062
     18143
     17666
     17738
     17604
     17399
     17653
     17304
     17555
     17221
     17241
     17324
     17576
     17393
     17210
     17359
     17282
     17154
     17093
     17235
     17242
     17118
     17097
     16885
     17141
     16816
     16976
     16881
     17061
     16828
     16868
     16766
     16724
     16483
     16640
     16862
     16353
     16551
     16488
     16640
     16415
     16397
     16694
     16512
     16247
     16550
     16243
     16314
     16204
     16172
     16466
     16277
     16530
     16309
     16252
     16365
     16048
     16294
     16274
     16010
     15836
     16000
     15992
     16036
     15985
     16025
     16088
     15988
     15837
     15916
     15918
     16114
     15994
     15731
     15961
     15839
     15612
     15746
     15603
     15518
     15565
     15273
     15730
     15529
     15527
     15464
     15501
     15694
     15376
     15489
     15460
     15348
     15447
     15220
     15221
     15536
     15216
     15257
     15484
     15247
     15356
     15444
     15270
     15153
     15436
     15187
     15217
     15086
     15117
     14943
     15097
     14971
     15068
     14946
     15090
     14933
     14849
     14799
     14955
     14976
     15063
     14964
     14917
     14956
     15000
     14728
     14855
     14880
     14635
     14736
     14972
     14864
     14752
     14909
     14586
     14750
     14724
     14590
     14556
     14962
     14447
     14638
     14480
     14356
     14634
     14427
     14608
     14523
     14597
     14631
     14469
     14362
     14426
     14413
     14457
     14385
     14332
     14281
     14375
     14156
     14600
     14262
     14180
     14265
     13934
     14286
     14357
     14338
     14330
     14078
     14056
     14326
     14012
     14239
     14289
     14013
     14208
     14060
     13820
     14117
     14138
     13850
     13979
     14098
     13767
     13924
     14053
     13964
     13875
     14147
     13992
     13855
     14138
     13698
     13953
     13916
     13939
     13932
     14139
     13716
     13904
     13825
     13841
     13652
     13731
     13932
     14027
     13823
     13848
     13535
     13691
     13903
     13630
     13691
     13717
     13669
     13673
     13763
     13732
     13607
     13798
     13625
     13382
     13669
     13632
     13525
     13744
     13604
     13602
     13427
     13492
     13692
     13669
     13664
     13596
     13561
     13440
     13538
     13544
     13648
     13568
     13496
     13591
     13540
     13595
     13678
     13388
     13484
     13551
     13466
     13814
     13164
     13635
     13424
     13369
     13416
     13486
     13416
     13443
     13416
     13641
     13431
     13444
     13415
     13438
     13407
     13472
     13345
     13308
     13343
     13453
     13391
     13172
     13461
     13683
     13604
     13392
     13284
     13342
     13397
     13352
     13426
     13466
     13388
     13361
     13259
     13541
     13344
     13359
     13277
     13450
     13216
     13264
     13353
     13317
     13268
     13595
     13294
     13425
     13703
     13382
     13447
     13164
     13362
     13224
     13329
     13392
     13138
     13427
     13429
     13251
     13323
     13263
     13210
     13284
     13348
     13215
     13208
     13366
     13358
     13097
     13240
     13050
     13114
     12965
     13293
     13318
     13316
     13265
     13155
     13296
     13094
     13231
     13191
     13159
     13365
     13247
     13132
     13092
     13241
     13306
     13217
     13158
     13208
     13170
     13290
     12941
     13017
     13156
     12998
     13006
     13224
     13020
     12985
     13185
     13037
     12913
     13164
     13340
     12808
     13236
     13116
     13019
     13035
     13206
     13061
     13113
     12973
     13247
     13346
     13187
     13145
     13068
     13031
     12974
     13274
     13118
     13092
     13134
     13097
     12920
     13044
     13092
     12985
     12999
     13054
     12958
     12925
     12828
     13141
     12832
     13136
     12881
     12918
     12807
     13119
     12903
     12795
     12691
     12920
     12833
     12630
     12972
     12751
     12892
     12901
     12726
     12444
     12814
     12725
     12447
     12589
     12563
     12729
     12643
     12470
     12325
     12537
     12428
     12447
     12123
     12223
     12019
     12263
     12207
     12131
     11995
     12125
     12061
     11883
     11843
     11755
     11614
     11625
     11709
     11559
     11573
     11486
     11464
     11368
     11361
     11421
     11322
     11127
     11024
     10981
     11108
     11029
     10743
     10974
     10852
     10848
     10615
     10656
     10653
     10511
     10571
     10382
     10487
     10513
     10182
     10300
     10336
     10274
     10159
     10054
     10212
     10190
     10132
      9985
     10033
      9864
     10001
     10004
      9960
      9860
      9798
      9711
      9733
      9686
      9574
      9474
      9539
      9624
      9554
      9492
      9431
      9434
      9619
      9452
      9475
      9331
      9499
      9239
      9372
      9331
      9378
      9172
      9264
      9184
      9246
      9189
      9223
      9165
      9191
      9174
      9029
      9268
      9001
      9040
      9064
      9045
      9207
      9095
      9035
      9095
      9067
      9017
      8956
      9042
      9128
      8887
      9079
      9007
      8893
      8867
      9026
      9016
      9007
      8879
      8938
      8881
      8810
      8927
      8735
      8656
      8731
      8700
      8882
      8856
      8822
      8743
      8837
      8656
      8734
      8744
      8776
      8769
      8698
      8701
      8795
      8803
      8653
      8838
      8656
      8770
      8751
      8641
      8772
      8772
      8691
      8902
      8813
      8954
      8816
      8901
      8862
      8858
      9020
      8932
      9196
      9124
      9140
      9477
      9418
      9519
      9579
      9580
      9661
      9852
      9940
     10227
     10307
     10307
     10509
     10517
     10960
     11137
     11387
     11495
     11519
     11782
     12068
     12332
     12577
     12789
     13081
     13224
     13783
     13887
     14237
     14277
     14763
     15158
     15626
     15937
     16122
     16590
     17347
     17468
     17920
     18116
     18568
     19049
     19438
     19834
     20189
     20695
     20871
     21545
     21687
     22297
     22639
     23043
     23490
     23793
     24141
     24554
     24940
     25057
     25501
     25856
     26418
     26386
     26828
     27302
     27414
     26977
     27460
     27644
     28096
     28131
     28268
     27883
     28074
     28433
     28528
     28579
     28709
     28400
     28622
     28298
     28388
     28064
     27682
     27481
     27376
     27002
     27019
     26404
     26563
     26463
     25722
     25504
     25044
     24901
     24285
     24056
     23628
     23257
     22644
     22364
     21704
     21278
     20610
     20371
     19887
     19096
     18735
     18471
     17871
     17317
     16884
     16424
     15845
     15153
     14998
     14596
     14090
     13580
     12909
     12679
     12339
     11828
     11255
     10880
     10552
     10232
      9827
      9575
      9109
      8751
      8300
      8010
      7930
      7417
      7273
      6943
      6843
      6576
      6339
      6135
      5898
      5777
      5613
      5466
      5276
      5131
      5035
      4921
      4848
      4786
      4741
      4616
      4712
      4668
      4660
      4571
      4385
      4504
      4729
      4622
      4631
      4759
      4689
      4780
      4846
      5101
      5090
      5204
      5428
      5590
      5826
      5834
      6122
      6173
      6420
      6612
      6850
      6865
      7207
      7326
      7747
      8030
      8277
      8245
      8926
      9198
      9322
      9733
     10154
     10161
     10716
     10921
     11427
     11639
     11864
     12424
     12848
     13316
     13542
     13990
     13802
     14480
     14942
     15153
     15577
     16063
     16232
     16741
     17149
     17359
     17739
     17975
     18271
     18573
     18849
     19260
     19369
     19715
     20315
     20318
     20515
     20941
     20974
     21183
     21195
     21710
     21830
     21824
     22103
     22022
     22229
     22555
     22750
     22569
     22483
     22401
     22591
     22391
     22407
     22090
     22249
     22347
     22091
     21904
     21400
     21575
     21139
     21079
     21052
     20846
     20785
     20340
     19700
     19737
     19347
     19108
     19010
     18354
     17912
     17675
     17696
     17138
     17069
     16253
     15848
     15611
     15065
     14967
     14432
     13990
     13860
     13308
     12970
     12349
     12218
     11603
     11409
     11063
     10693
     10139
      9989
      9560
      9143
      8899
      8430
      8188
      8015
      7507
      7184
      6897
      6672
      6246
      5868
      5667
      5497
      5202
      4917
      4861
      4538
      4198
      4061
      3788
      3806
      3505
      3264
      3076
      2953
      2798
      2625
      2473
      2308
      2178
      2051
      1987
      1803
      1703
      1608
      1464
      1393
      1381
      1275
      1160
      1028
       938
       978
       869
       799
       715
       728
       639
       617
       603
       534
       485
       449
       385
       359
       348
       361
       334
       300
       295
       258
       236
       192
       199
       182
       204
       158
       175
       120
       127
       139
       128
        98
       103
        91
       101
        81
        96
        83
        80
        78
        67
        69
        81
        63
        56
        59
        64
        54
        53
        62
        53
        54
        60
        47
        48
        56
        43
        55
        49
        46
        49
        38
        39
        55
        50
        41
        50
        44
        39
        35
        46
        33
        46
        40
        56
        40
        39
        43
        41
        36
        37
        47
        45
        57
        39
        49
        47
        43
        42
        42
        48
        40
        44
        40
        38
        47
        44
        45
        29
        49
        30
        52
        36
        49
        45
        35
        38
        36
        42
        52
        40
        33
        35
        31
        32
        30
        55
        41
        50
        39
        42
        32
        40
        27
        47
        38
        29
        40
        26
        43
        44
        44
        44
        49
        45
        32
        35
        27
        39
        43
        43
        38
        41
        44
        45
        31
        35
        37
        31
        38
        38
        46
        35
        40
        40
        44
        32
        39
        41
        26
        32
        30
        40
        47
        38
        38
        29
        40
        41
        33
        36
        41
        40
        40
        41
        37
        32
        38
        41
        39
        30
        38
        33
        34
        37
        32
        33
        35
        31
        28
        35
        38
        30
        44
        22
        28
        43
        23
        22
        36
        28
        30
        37
        33
        32
        36
        34
        28
        28
        24
        38
        34
        26
        30
        36
        32
        37
        32
        29
        29
        30
        33
        32
        35
        30
        32
        27
        28
        39
        23
        30
        26
        27
        27
        31
        39
        40
        27
        37
        28
        27
        25
        27
        28
        32
        35
        35
        18
        23
        21
        26
        22
        29
        33
        33
        33
        25
        30
        31
        24
        27
        28
        34
        28
        24
        28
        32
        34
        25
        17
        28
        15
        34
        21
        27
        24
        29
        29
        24
        17
        25
        22
        26
        34
        27
        30
        25
        19
        28
        28
        24
        27
        28
        25
        21
        39
        24
        31
        28
        30
        28
        17
        19
        21
        15
        27
        28
        24
        21
        16
        30
        23
        30
        20
        18
        18
        22
        25
        24
        26
        27
        16
        28
        20
        27
        27
        21
        27
        22
        19
        27
        19
        22
        34
        15
        21
        37
        25
        27
        26
        25
        28
        28
        27
        28
        29
        25
        25
        20
        19
        18
        22
        28
        21
        24
        26
        22
        17
        21
        18
        21
        26
        33
        17
        25
        19
        27
        20
        23
        16
        32
        22
        22
        31
        24
        21
        21
        16
        27
        17
        16
        18
        26
        26
        12
        29
        21
        30
        22
        23
        25
        17
        16
        31
        24
        17
        21
        23
        19
        19
        20
        21
        22
        21
        26
        10
        29
        23
        24
        22
        24
        21
        18
        18
        17
        12
        11
        19
        22
        19
        23
        18
        25
        14
        21
        19
        11
        14
        26
        12
        20
        24
        12
        17
        16
        23
        20
        24
        32
        16
        18
        29
        17
        20
        22
        22
        21
        16
        19
        18
        18
        19
        26
        19
        18
        15
        19
        18
        27
        17
        22
        20
        23
        12
        12
        18
        21
        19
        26
        21
        17
        15
        16
        21
        13
        19
        23
        21
        22
        13
        20
        22
        24
         6
        14
        14
        12
        20
        18
        19
        16
        17
        19
         8
        18
        20
        20
        21
        16
        18
        22
        12
        15
        12
        17
        16
        10
        19
        22
        25
        21
        14
        19
        21
        16
        16
        17
        22
        15
        12
        20
        17
        21
        15
        17
        13
        20
        14
         9
        11
        20
        30
        19
        15
        12
        13
         9
        14
        14
        16
        18
        15
        20
        25
        15
        15
        20
        21
        13
        17
        11
        19
        13
         8
        20
        18
         9
        24
        18
        26
        22
        20
        13
        11
        15
        10
        25
        15
        12
        16
        14
        15
        20
        12
        18
        14
        18
        16
        11
        14
        12
        13
         7
        18
        13
        15
        18
        12
        12
        16
        22
        13
        14
        10
         7
        14
        15
        21
        20
        16
         7
        15
        15
        13
        11
        13
        16
        12
        18
        16
        14
        19
        16
         9
         9
        16
        14
        10
        12
        17
        10
        12
         9
        15
        19
        17
        16
        10
        16
         9
        14
        13
        12
        13
        16
        13
        10
        17
        13
         9
        10
         8
         9
        17
        13
        14
        18
        14
        12
        10
        12
        14
        14
        16
        12
        13
        14
         6
        18
         6
        10
        13
        23
        13
        16
        16
        18
        14
        14
        12
        23
        13
         6
        15
         9
        16
        11
        22
        12
        14
        14
         8
        11
        12
        14
         8
        16
        22
        18
        13
        14
        13
        13
        16
        16
        13
        14
         7
        17
        11
         7
         5
        12
        10
        15
         6
        12
        21
        12
        14
         7
        13
        15
        13
         9
         8
        14
        20
        10
        12
         8
        18
        14
        13
        11
         9
        13
        17
        13
        15
        16
         6
        13
        11
        15
         9
         4
         6
         6
        12
        19
        15
        12
        11
        11
        13
        10
        13
        16
         6
        13
         8
        17
        13
        11
         9
        19
        10
        11
        10
        12
        12
        13
        14
        15
        15
        12
        18
        18
        10
        12
        12
        11
         9
        12
        12
         8
        11
         8
         9
         9
        14
        13
        13
        12
        10
         8
        11
         7
        13
        12
        11
         7
        10
         9
        10
        12
        10
        12
         7
        15
        16
        11
        13
         9
        18
        10
        17
         3
         8
        10
         7
         9
        14
         9
         8
        14
        11
         8
        10
        10
        16
         8
         9
        13
         9
        12
        15
         6
        12
         8
        17
         7
        10
        10
        11
         7
        11
        15
         5
        10
        10
         7
         6
         8
         6
         5
         8
        12
         9
        11
         8
         7
         5
         4
        13
        14
         7
         8
         7
         6
         8
         8
         2
        14
         5
         4
         6
        10
        11
         6
        12
        12
        15
         3
        11
         9
         9
         9
         9
         8
         7
         5
         6
        12
         4
         5
         7
         7
         5
         9
         8
         9
         9
         5
         3
        10
         5
         5
         7
         6
         6
         8
         4
         8
         6
         8
         8
         4
         6
         7
         2
         8
         5
         3
         6
         5
         5
         8
         6
         6
         7
         4
         7
         3
         7
         6
         7
        11
         6
         9
         8
        10
         4
         5
         5
        10
         8
         8
         4
         6
         5
         5
         4
         1
         5
         6
         5
         4
         5
         6
         4
         5
        10
         2
         7
         2
         6
         4
         6
         4
         6
         2
         5
         5
         6
         2
         4
         3
         4
         1
         5
         2
         8
         2
         4
         8
         6
         6
         5
         3
         7
         9
         9
         3
         3
         5
         5
         4
         1
         5
         7
         9
         4
         7
         6
        10
         8
         8
         4
         5
         6
        11
         6
         6
         6
         9
         5
         5
        10
        11
         7
         7
         8
         6
        12
        12
        11
         1
         7
         8
         7
         8
         6
        11
         6
         4
         7
         5
        10
         7
         8
         7
         8
        15
         5
        15
         8
        10
         5
        13
        11
        12
         8
         8
        13
        13
         8
        15
        18
        12
        15
        14
         8
         7
        15
         5
        14
        16
         9
        12
         9
        15
        19
         6
        18
        15
        11
        12
        23
        12
        18
        15
        22
         9
        16
        18
        14
        19
        16
         9
        17
        14
        20
         9
        27
        13
        12
        20
        13
        16
         5
        15
        14
        11
        13
        14
        15
        13
        16
        18
        16
        15
        15
        17
        17
        16
        16
        10
         7
        13
        11
        17
        11
        14
        12
        16
        11
         7
        11
         9
        10
         8
         5
        15
         6
        17
         4
         7
         6
         6
        13
        11
        15
         5
         6
        10
         9
         7
         8
         8
        10
         4
         4
        11
         3
         6
         6
         6
         6
         4
         6
         2
         3
         4
         8
         3
         5
         2
         3
         5
         5
         3
         6
         3
         3
         4
         4
         5
         2
         3
         1
         0
         3
         4
         3
         2
         1
         2
         3
         3
         1
         2
         0
         1
         0
         3
         1
         2
         0
         4
         0
         0
         2
         3
         2
         0
         3
         0
         1
         3
         0
         0
         1
         1
         0
         0
         2
         0
         2
         0
         0
         0
         0
         0
         0
         0
         0
         0
         0
         0
         1
         0
         0
         0
         0
         1
         1
         0
         0
         0
         1
         0
         0
         0
         1
         0
         0
         0
         0
         0
         0
         0
         0
         0
         0
         0
         0
         0
         0
         0
         0
         0
         0
         0
         0
         0
         0
         0
         0
         0
         0
         0
         0
         0
         0
         0
         0
         0
         0
         0
         0
         0
         0
         0
         0
         0
         1
         0
         0
         0
         0
         0
         0
         0
         0
         0
         0
         0
         0
         0
         0
         0
         0
         0
         0
         0
         0
         0
         0
         0
         0
         0
         0
         0
         0
         0
         0
         0
         0
         0
         0
         0
         0
         0
         0
         0
         0
         0
         0
         0
         0
         0
         0
         0
         0
         0
         0
         0
         0
         0
         0
         0
         0
         0
         0
         0
         0
         0
         0
         0
         0
         0
         0
         0
         0
         0
         0
         0
         0
         0
         0
         0
         0
         0
         0
         0
         0
         0
         0
         0
         0
         0
         0
         0
         0
         0
         0
         0
         0
         0
         0
         0
         0
         0
         0
         0
         0
         0
         0
         0
         0
         0
         0
         0
         0
         0
         0
         0
         0
         0
         0
         0
         0
         0
         0
         0
         0
         0
         0
         0
         0
         0
         0
         0
         0
         0
         0
         0
         0
         0
         0
         0
         0
         0
         0
         0
         0
         0
         0
         0
         0
         0
         0
         0
         0
         0
         0
         0
         0
         0
         0
         0
         0
         0
         0
         0
         0
         0
         0
         0
         0
         0
         0
         0
         0
         0
         0
         0
         0
         0
         0
         0
         0
         0
         0
         0
         0
         0
         0
         0
         0
         0
         0
         0
         0
         0
         0
         0
         0
         0
         0
         0
         0
         0
         0
         0
         0
         0
         0
         0
         0
         0
         0
         0
         0
         0
         0
         0
         0
         0
         0
         0
         0
         0
         0
         0
         0
         0
         0
         0
         0
         0
         0
         0
         0
         0
         0
         0
         0
         0
         0
         0
         0
         0
         0
         0
         0
         0
         0
         0
         0
         0
         0
         0
         0
         0
         0
         0
         0
         0
         0
         0
         0
         0
         0
         0
         0
         0
         0
         0
         0
         0
         0
         0
         0
         0
         0
         0
         0
         0
         0
         0
         0
         0
         0
         0
         0
         0
         0
         0
         0
         0
         0
         0
         0
         0
         0
         0
         0
         0
         0
         0
         0
         0
         0
         0
         0
         0
         0
