         0
         0
         0
         0
         0
         0
         0
         0
         0
         0
      3757
      3960
      3992
      3934
      3974
      3983
      3992
      4002
      4017
      4008
      4025
      4093
      3938
      4034
      4039
      4151
      4015
      4062
      4094
      4104
      4103
      4058
      4238
      4127
      4181
      4207
      4138
      4181
      4098
      4091
      4174
      4120
      4158
      4272
      4214
      4187
      4311
      4181
      4209
      4195
      4169
      4202
      4161
      4242
      4210
      4205
      4228
      4259
      4308
      4235
      4366
      4459
      4206
      4273
      4408
      4416
      4385
      4433
      4419
      4483
      4304
      4563
      4485
      4770
      4721
      4643
      4790
      4802
      4893
      4820
      4897
      4906
      5075
      5174
      5079
      5210
      5223
      5382
      5497
      5561
      5708
      5722
      5685
      5825
      5918
      6128
      6183
      6291
      6414
      6425
      6449
      6722
      6709
      6788
      7086
      7172
      7386
      7409
      7522
      7559
      7841
      7830
      7784
      8087
      7958
      8121
      8304
      8519
      8627
      8507
      8670
      8763
      8732
      8963
      8991
      9046
      9227
      9175
      9412
      9245
      9530
      9573
      9587
      9471
      9648
     10027
      9748
     10020
     10206
     10161
     10163
     10310
     10289
     10325
     10280
     10319
     10490
     10468
     10457
     10616
     10605
     10867
     10618
     10685
     10671
     10855
     10640
     10880
     10980
     10886
     11043
     10928
     10915
     11149
     11105
     11103
     11207
     11195
     11333
     11400
     11439
     11369
     11283
     11468
     11567
     11531
     11545
     11530
     11666
     11926
     11831
     11913
     11893
     11866
     12285
     11903
     12162
     12180
     12131
     12074
     12110
     12261
     12307
     12429
     12412
     12258
     12207
     12186
     12085
     12159
     12076
     12045
     12164
     12065
     12226
     11826
     11885
     11941
     11953
     11863
     11965
     11736
     11858
     11767
     11602
     11772
     11610
     11662
     11587
     11562
     11391
     11454
     11562
     11342
     11431
     11179
     11186
     11267
     11126
     11035
     10944
     10900
     11047
     10857
     10952
     11075
     10874
     10916
     10858
     10895
     10628
     10738
     10755
     10688
     10645
     10694
     10709
     10594
     10585
     10386
     10406
     10513
     10307
     10565
     10476
     10278
     10495
     10314
     10205
     10300
     10231
     10158
     10011
     10077
      9694
      9952
     10045
      9919
     10130
      9790
      9920
     10032
      9746
      9826
      9746
      9596
      9686
      9725
      9621
      9615
      9586
      9528
      9502
      9609
      9509
      9333
      9402
      9413
      9391
      9212
      9209
      9453
      9364
      9284
      9312
      9238
      9086
      9033
      9028
      8947
      9113
      8902
      9058
      8972
      8948
      8874
      8903
      8959
      8748
      8870
      8654
      8852
      8916
      8740
      8699
      8806
      8707
      8556
      8517
      8607
      8521
      8434
      8398
      8421
      8379
      8450
      8447
      8473
      8570
      8416
      8252
      8451
      8343
      8248
      8134
      8341
      8300
      8231
      8245
      8084
      7900
      8168
      8055
      8047
      8029
      7979
      8076
      7946
      7886
      7891
      7775
      7890
      7780
      7900
      7822
      7755
      7783
      7843
      7832
      7741
      7739
      7756
      7651
      7570
      7494
      7647
      7476
      7537
      7544
      7620
      7467
      7542
      7501
      7363
      7316
      7624
      7326
      7504
      7399
      7461
      7202
      7107
      7286
      7301
      7235
      7167
      7122
      7277
      7167
      7103
      7271
      7127
      7138
      7204
      7101
      7218
      7164
      7044
      7155
      7114
      7074
      7128
      6940
      6954
      7052
      7011
      7057
      7071
      6911
      7004
      7038
      6942
      7013
      7029
      6966
      6845
      6941
      6933
      6940
      6807
      6746
      6824
      6823
      6771
      6924
      6731
      7005
      6829
      6884
      6754
      6773
      6850
      6742
      6839
      6576
      6957
      6847
      6743
      6646
      6712
      6572
      6735
      6447
      6596
      6616
      6612
      6572
      6586
      6444
      6416
      6563
      6346
      6550
      6399
      6201
      6325
      6519
      6350
      6373
      6282
      6098
      6177
      6115
      6153
      5969
      6052
      6022
      6028
      5788
      5741
      5856
      5874
      5721
      5710
      5590
      5527
      5539
      5550
      5523
      5454
      5354
      5343
      5323
      5233
      5232
      5162
      4927
      4974
      4884
      5086
      4919
      4763
      4818
      4837
      4865
      4790
      4693
      4610
      4615
      4586
      4646
      4480
      4474
      4519
      4645
      4446
      4311
      4345
      4320
      4439
      4374
      4338
      4240
      4240
      4365
      4327
      4165
      4170
      4199
      4151
      4111
      3982
      4066
      4081
      4121
      4001
      4045
      3915
      4074
      3975
      3997
      4041
      3946
      3987
      3888
      3929
      3932
      3914
      4047
      3932
      3911
      3932
      3893
      3940
      3823
      3896
      3923
      3762
      3848
      3832
      3885
      3876
      3757
      3742
      3821
      3871
      3785
      3822
      3731
      3757
      3880
      3697
      3729
      3780
      3726
      3606
      3717
      3683
      3694
      3640
      3700
      3610
      3737
      3708
      3747
      3561
      3610
      3555
      3634
      3677
      3776
      3588
      3460
      3678
      3642
      3564
      3595
      3530
      3751
      3644
      3682
      3696
      3696
      3641
      3717
      3700
      3618
      3724
      3661
      3832
      3866
      3979
      4022
      4047
      3930
      3993
      4152
      4323
      4269
      4387
      4487
      4669
      4795
      4929
      5196
      5323
      5529
      5777
      6004
      6309
      6343
      6884
      7161
      7427
      7680
      8225
      8536
      8895
      9277
      9802
     10179
     10683
     11308
     11725
     12552
     12816
     13273
     13976
     14460
     15022
     15541
     16053
     16659
     17301
     17513
     18203
     18772
     19018
     19808
     20387
     20650
     20890
     21019
     21700
     21966
     22100
     22380
     22618
     22489
     22790
     22728
     22675
     22490
     22461
     22147
     21974
     21837
     21417
     21194
     20845
     20432
     19963
     19519
     18715
     18255
     17881
     17229
     16739
     16077
     15516
     14954
     14198
     13596
     12871
     12220
     11439
     10943
     10299
      9770
      9251
      8532
      8097
      7556
      7038
      6458
      5997
      5534
      5223
      4915
      4417
      4105
      3670
      3341
      3051
      2807
      2583
      2338
      2122
      1827
      1699
      1573
      1387
      1119
      1134
       941
       859
       794
       698
       583
       524
       424
       384
       351
       300
       268
       243
       191
       158
       150
       134
       119
        82
        93
        64
        59
        52
        38
        28
        31
        24
        18
        23
         9
        10
         8
         9
         9
         6
         5
         5
         8
         1
         1
         2
         2
         0
         1
         0
         0
         2
         0
         0
         1
         0
         0
         0
         1
         1
         0
         1
         0
         0
         0
         1
         0
         0
         0
         0
         0
         0
         0
         0
         0
         0
         0
         0
         0
         0
         0
         0
         0
         0
         0
         0
         0
         0
         0
         0
         0
         0
         0
         0
         0
         0
         0
         0
         0
         0
         0
         0
         0
         0
         0
         0
         0
         0
         0
         0
         0
         0
         0
         0
         0
         0
         0
         0
         0
         0
         0
         0
         0
         0
         0
         0
         0
         0
         0
         0
         0
         0
         0
         0
         0
         0
         0
         0
         0
         0
         0
         0
         0
         0
         0
         0
         0
         0
         0
         0
         0
         0
         0
         0
         0
         0
         0
         0
         0
         0
         0
         0
         0
         0
         0
         0
         0
         0
         0
         0
         0
         0
         0
         0
         0
         0
         0
         0
         0
         0
         0
         0
         0
         0
         0
         0
         0
         0
         0
         0
         0
         0
         0
         0
         0
         0
         0
         0
         0
         0
         0
         0
         0
         0
         0
         0
         0
         0
         0
         0
         0
         0
         0
         0
         0
         0
         0
         0
         0
         0
         0
         0
         0
         0
         0
         0
         0
         0
         0
         0
         0
         1
         0
         0
         0
         0
         0
         0
         0
         0
         0
         0
         0
         0
         0
         0
         0
         0
         0
         0
         0
         0
         0
         0
         0
         0
         0
         0
         0
         0
         0
         0
         0
         0
         0
         0
         0
         0
         0
         0
         0
         0
         0
         0
         0
         0
         0
         0
         0
         0
         0
         0
         0
         0
         0
         0
         0
         0
         0
         0
         0
         0
         0
         0
         0
         0
         0
         0
         0
         0
         0
         0
         0
         0
         0
         0
         0
         0
         0
         0
         0
         0
         0
         0
         0
         0
         0
         0
         0
         0
         0
         0
         0
         0
         0
         0
         0
         0
         0
         0
         0
         0
         0
         0
         0
         0
         0
         0
         0
         0
         0
         0
         0
         0
         0
         0
         0
         0
         0
         0
         0
         0
         0
         0
         0
         0
         0
         0
         0
         0
         0
         0
         0
         0
         0
         0
         0
         0
         0
         0
         0
         0
         0
         0
         0
         0
         0
         0
         0
         0
         0
         0
         0
         0
         0
         0
         0
         0
         0
         0
         0
         0
         0
         0
         0
         0
         0
         0
         0
         0
         0
         0
         0
         0
         0
         0
         0
         0
         0
         0
         0
         0
         0
         0
         0
         0
         0
         0
         0
         0
         0
         0
         0
         0
         0
         0
         0
         0
         0
         0
         0
         0
         0
         0
         0
         0
         0
         0
         0
         0
         0
         0
         0
         0
         0
         0
         0
         0
         0
         0
         0
         0
         0
         0
         0
         0
         0
         0
         0
         0
         0
         0
         0
         0
         0
         0
         0
         0
         0
         0
         0
         0
         0
         0
         0
         0
         0
         0
         0
         0
         0
         0
         0
         0
         0
         0
         0
         0
         0
         0
         0
         0
         0
         0
         0
         0
         0
         0
         0
         0
         0
         0
         0
         0
         0
         0
         0
         0
         0
         0
         0
         0
         0
         0
         0
         0
         0
         0
         0
         0
         0
         0
         0
         0
         0
         0
         0
         0
         0
         0
         0
         0
         0
         0
         0
         0
         0
         0
         0
         0
         0
         0
         0
         0
         0
         0
         0
         0
         0
         0
         0
         0
         0
         0
         0
         0
         0
         0
         0
         0
         0
         0
         0
         0
         0
         0
         0
         0
         0
         0
         0
         0
         0
         0
         0
         0
         0
         0
         0
         0
         0
         0
         0
         0
         0
         0
         0
         0
         0
         0
         0
         0
         0
         0
         0
         0
         0
         0
         0
         0
         0
         0
         0
         0
         0
         0
         0
         0
         0
         0
         0
         0
         0
         0
         0
         0
         0
         0
         0
         0
         0
         0
         0
         0
         0
         0
         0
         0
         0
         0
         0
         0
         0
         0
         0
         0
         0
         0
         0
         0
         0
         0
         0
         0
         0
         0
         0
         0
         0
         0
         0
         0
         0
         0
         0
         0
         0
         0
         0
         0
         0
         0
         0
         0
         0
         0
         0
         0
         0
         0
         0
         0
         0
         0
         0
         0
         0
         0
         0
         0
         0
         0
         0
         0
         0
         0
         0
         0
         0
         0
         0
         0
         0
         0
         0
         0
         0
         0
         0
         0
         0
         0
         0
         0
         0
         0
         0
         0
         0
         0
         0
         0
         0
         0
         0
         0
         0
         0
         0
         0
         0
         0
         0
         0
         0
         0
         0
         0
         0
         0
         0
         0
         0
         0
         0
         0
         0
         0
         0
         0
         0
         0
         0
         0
         0
         0
         0
         0
         0
         0
         0
         0
         0
         0
         0
         0
         0
         0
         0
         0
         0
         0
         0
         0
         0
         0
         0
         0
         0
         0
         0
         0
         0
         0
         0
         0
         0
         0
         0
         0
         0
         0
         0
         0
         0
         0
         0
         0
         0
         0
         0
         0
         0
         0
         0
         0
         0
         0
         0
         0
         0
         0
         0
         0
         0
         0
         0
         0
         0
         0
         0
         0
         0
         0
         0
         0
         0
         0
         0
         0
         0
         0
         0
         0
         0
         0
         0
         0
         0
         0
         0
         0
         0
         0
         0
         0
         0
         0
         0
         0
         0
         0
         0
         0
         0
         0
         0
         0
         0
         0
         0
         0
         0
         0
         0
         0
         0
         0
         0
         0
         0
         0
         0
         0
         0
         0
         0
         0
         0
         0
         0
         0
         0
         0
         0
         0
         0
         0
         0
         0
         0
         0
         0
         0
         0
         0
         0
         0
         0
         0
         0
         0
         0
         0
         0
         0
         0
         0
         0
         0
         0
         0
         0
         0
         0
         0
         0
         0
         0
         0
         0
         0
         0
         0
         0
         0
         0
         0
         0
         0
         0
         0
         0
         0
         0
         0
         0
         0
         0
         0
         0
         0
         0
         0
         0
         0
         0
         0
         0
         0
         0
         0
         0
         0
         0
         0
         0
         0
         0
         0
         0
         0
         0
         0
         0
         0
         0
         0
         0
         0
         0
         0
         0
         0
         0
         0
         0
         0
         0
         0
         0
         0
         0
         0
         0
         0
         0
         0
         0
         0
         0
         0
         0
         0
         0
         0
         0
         0
         0
         0
         0
         0
         0
         0
         0
         0
         0
         0
         0
         0
         0
         0
         0
         0
         0
         0
         0
         0
         0
         0
         0
         0
         0
         0
         0
         0
         0
         0
         0
         0
         0
         0
         0
         0
         0
         0
         0
         0
         0
         0
         0
         0
         0
         0
         0
         0
         0
         0
         0
         0
         0
         0
         0
         0
         0
         0
         0
         0
         0
         0
         0
         0
         0
         0
         0
         0
         0
         0
         0
         0
         0
         0
         0
         0
         0
         0
         0
         0
         0
         0
         0
         0
         0
         0
         0
         0
         0
         0
         0
         0
         0
         0
         0
         0
         0
         0
         0
         0
         0
         0
         0
         0
         0
         0
         0
         0
         0
         0
         0
         0
         0
         0
         0
         0
         0
         0
         0
         0
         0
         0
         0
         0
         0
         0
         0
         0
         0
         0
         0
         0
         0
         0
         0
         0
         0
         0
         0
         0
         0
         0
         0
         0
         0
         0
         0
         0
         0
         0
         0
         0
         0
         0
         0
         0
         0
         0
         0
         0
         0
         0
         0
         0
         0
         0
         0
         0
         0
         0
         0
         0
         0
         0
         0
         0
         0
         0
         0
         0
         0
         0
         0
         0
         0
         0
         0
         0
         0
         0
         0
         0
         0
         0
         0
         0
         0
         0
         0
         0
         0
         0
         0
         0
         0
         0
         0
         0
         0
         0
         0
         0
         0
         0
         0
         0
         0
         0
         0
         0
         0
         0
         0
         0
         0
         0
         0
         0
         0
         0
         0
         0
         0
         0
         0
         0
         0
         0
         0
         0
         0
         0
         0
         0
         0
         0
         0
         0
         0
         0
         0
         0
         0
         0
         0
         0
         0
         0
         0
         0
         0
         0
         0
         0
         0
         0
         0
         0
         0
         0
         0
         0
         0
         0
         0
         0
         0
         0
         0
         0
         0
         0
         0
         0
         0
         0
         0
         0
         0
         0
         0
         0
         0
         0
         0
         0
         0
         0
         0
         0
         0
         0
         0
         0
         0
         0
         0
         0
         0
         0
         0
         0
         0
         0
         0
         0
         0
         0
         0
         0
         0
         0
         0
         0
         0
         0
         0
         0
         0
         0
         0
         0
         0
         0
         0
         0
         0
         0
         0
         0
         0
         0
         0
         0
         0
         0
         0
         0
         0
         0
         0
         0
         0
         0
         0
         0
         0
         0
         0
         0
         0
         0
         0
         0
         0
         0
         0
         0
         0
         0
         0
         0
         0
         0
         0
         0
         0
         0
         0
         0
         0
         0
         0
         0
         0
         0
         0
         0
         0
         0
         0
         0
         0
         0
         0
         0
         0
         0
         0
         0
         0
         0
         0
         0
         0
         0
         0
         0
         0
         0
         0
         0
         0
         0
         0
         0
         0
         0
         0
         0
         0
         0
         0
         0
         0
         0
         0
         0
         0
         0
         0
         0
         0
         0
         0
         0
         0
         0
         0
         0
         0
         0
         0
         0
         0
         0
         0
         0
         0
         0
         0
         0
         0
         0
         0
         0
         0
         0
         0
         0
         0
         0
         0
         0
         0
         0
         0
         0
         0
         0
         0
         0
         0
         0
         0
         0
         0
         0
         0
         0
         0
         0
         0
         0
         0
         0
         0
         0
         0
         0
         0
         0
         0
         0
         0
         0
         0
         0
         0
         0
         0
         0
         0
         0
         0
         0
         0
         0
         0
         0
         0
         0
         0
         0
         0
         0
         0
         0
         0
         0
         0
         0
         0
         0
         0
         0
         0
         0
         0
         0
         0
         0
         0
         0
         0
         0
         0
         0
         0
         0
         0
         0
         0
         0
         0
         0
         0
         0
         0
         0
         0
         0
         0
         0
         0
         0
         0
         0
         0
         0
         0
         0
         0
         0
         0
         0
         0
         0
         0
         0
         0
         0
         0
         0
         0
         0
         0
         0
         0
         0
         0
         0
         0
         0
         0
         0
         0
         0
         0
         0
         0
         0
         0
         0
         0
         0
         0
         0
         0
         0
         0
         0
         0
         0
         0
         0
         0
         0
         0
         0
         0
         0
         0
         0
         0
         0
         0
         0
         0
         0
         0
         0
         0
         0
         0
         0
         0
         0
         0
         0
         0
         0
         0
         0
         0
         0
         0
         0
         0
         0
         0
         0
         0
         0
         0
         0
         0
         0
         0
         0
         0
         0
         0
         0
         0
         0
         0
         0
         0
         0
         0
         0
         0
         0
         0
         0
         0
         0
         0
         0
         0
         0
         0
         0
         0
         0
         0
         0
         0
         0
         0
         0
         0
         0
         0
         0
         0
         0
         0
         0
         0
         0
         0
         0
         0
         0
         0
         0
         0
         0
         0
         0
         0
         0
         0
         0
         0
         0
         0
         0
         0
         0
         0
         0
         0
         0
         0
         0
         0
         0
         0
         0
         0
         0
         0
         0
         0
         0
         0
         0
         0
         0
         0
         0
         0
         0
         0
         0
         0
         0
         0
         0
         0
         0
         0
         0
         0
         0
         0
         0
         0
         0
         0
         0
         0
         0
         0
         0
         0
         0
         0
         0
         0
         0
         0
         0
         0
         0
         0
         0
         0
         0
         0
         0
         0
         0
         0
         0
         0
         0
         0
         0
         0
         0
         0
         0
         0
         0
         0
         0
         0
         0
         0
         0
         0
         0
         0
         0
         0
         0
         0
         0
         0
         0
         0
         0
         0
         0
         0
         0
         0
         0
         0
         0
         0
         0
         0
         0
         0
         0
         0
         0
         0
         0
         0
         0
         0
         0
         0
         0
         0
         0
         0
         0
         0
         0
         0
         0
         0
         0
         0
         0
         0
         0
         0
         0
         0
         0
         0
         0
         0
         0
         0
         0
         0
         0
         0
         0
         0
         0
         0
         0
         0
         0
         0
         0
         0
         0
         0
         0
         0
         0
         0
         0
         0
         0
         0
         0
         0
         0
         0
         0
         0
         0
         0
         0
         0
         0
         0
         0
         0
         0
         0
         0
         0
         0
         0
         0
         0
         0
         0
         0
         0
         0
         0
         0
         0
         0
         0
         0
         0
         0
         0
         0
         0
         0
         0
         0
         0
         0
         0
         0
         0
         0
         0
         0
         0
         0
         0
         0
         0
         0
         0
         0
         0
         0
         0
         0
         0
         0
         0
         0
         0
         0
         0
         0
         0
         0
         0
         0
         0
         0
         0
         0
         0
         0
         0
         0
         0
         0
         0
         0
         0
         0
         0
         0
         0
         0
         0
         0
         0
         0
         0
         0
         0
         0
         0
         0
         0
         0
         0
         0
         0
         0
         0
         0
         0
         0
         0
         0
         0
         0
         0
         0
         0
         0
         0
         0
         0
         0
         0
         0
         0
         0
         0
         0
         0
         0
         0
         0
         0
         0
         0
         0
         0
         0
         0
         0
         0
         0
         0
         0
         0
         0
         0
         0
         0
         0
         0
         0
         0
         0
         0
         0
         0
         0
         0
         0
         0
         0
         0
         0
         0
         0
         0
         0
         0
         0
         0
         0
         0
         0
         0
         0
         0
         0
         0
         0
         0
         0
         0
         0
         0
         0
         0
         0
         0
         0
         0
         0
         0
         0
         0
         0
         0
         0
         0
         0
         0
         0
         0
         0
         0
         0
         0
         0
         0
         0
         0
         0
         0
         0
         0
         0
         0
         0
         0
         0
         0
         0
         0
         0
         0
         0
         0
         0
         0
         0
         0
         0
         0
         0
         0
         0
         0
         0
         0
         0
         0
         0
         0
         0
         0
         0
         0
         0
         0
         0
         0
         0
         0
         0
         0
         0
         0
         0
         0
         0
         0
         0
         0
         0
         0
         0
         0
         0
         0
         0
         0
         0
         0
         0
         0
         0
         0
         0
         0
         0
         0
         0
         0
         0
         0
         0
         0
         0
         0
         0
         0
         0
         0
         0
         0
         0
         0
         0
         0
         0
         0
         0
         0
         0
         0
         0
         0
         0
         0
         0
         0
         0
         0
         0
         0
         0
         0
         0
         0
         0
         0
         0
         0
         0
         0
         0
         0
         0
         0
         0
         0
         0
         0
         0
         0
         0
         0
         0
         0
         0
         0
         0
         0
         0
         0
         0
         0
         0
         0
         0
         0
         0
         0
         0
         0
         0
         0
         0
         0
         0
         0
         0
         0
         0
         0
         0
         0
         0
         0
         0
         0
         0
         0
         0
         0
         0
         0
         0
         0
         0
         0
         0
         0
         0
         0
         0
         0
         0
         0
         0
         0
         0
         0
         0
         0
         0
         0
         0
         0
         0
         0
         0
         0
         0
         0
         0
         0
         0
         0
         0
         0
         0
         0
         0
         0
         0
         0
         0
         0
         0
         0
         0
         0
         0
         0
