         0
         0
         0
         0
         0
         0
         0
         0
         0
         0
     14562
     14614
     14700
     14581
     14775
     14893
     14817
     15032
     15054
     15071
     15057
     14761
     14900
     14889
     15071
     14865
     15129
     15003
     14930
     15193
     15439
     15198
     15184
     15472
     15342
     15253
     15466
     15389
     15459
     15305
     15289
     15708
     15537
     15556
     15737
     15444
     15491
     15363
     15509
     15463
     15366
     15485
     15501
     15669
     15343
     15673
     15408
     15418
     15432
     15725
     15709
     15817
     15763
     15670
     15828
     15809
     15610
     15892
     16039
     15658
     16183
     15856
     16126
     15775
     16301
     16264
     16295
     16241
     16610
     16578
     16602
     16561
     16640
     16829
     17007
     16943
     17219
     17304
     17076
     17180
     17557
     17485
     17767
     17703
     17742
     17683
     17635
     17777
     18031
     18265
     18170
     18419
     18671
     18577
     18788
     18579
     18925
     18835
     18989
     19005
     19307
     19115
     19380
     19507
     19841
     19853
     20013
     20120
     20264
     20501
     20622
     20887
     21106
     20795
     21093
     21001
     21323
     21507
     21638
     21752
     21798
     21764
     21714
     22050
     22060
     22152
     22186
     22308
     22622
     22355
     22715
     22892
     22565
     22639
     22960
     22572
     22822
     23075
     22668
     22919
     22897
     23023
     22945
     23038
     23038
     23088
     23175
     22807
     23319
     22962
     23097
     23162
     23151
     23075
     22790
     22999
     23244
     23200
     23329
     23183
     23212
     23242
     23184
     23245
     23249
     23400
     23340
     23265
     23317
     23396
     23658
     23427
     23331
     23617
     23415
     23525
     23513
     23401
     23614
     24075
     23922
     23735
     23833
     24134
     24424
     24337
     24367
     24713
     25119
     25228
     25530
     25539
     26287
     25917
     26299
     26714
     26984
     27289
     27665
     28074
     28270
     28658
     28543
     28984
     29277
     29576
     29604
     30149
     30212
     30378
     30850
     31102
     31341
     30912
     30959
     30875
     30999
     31316
     31143
     31072
     31369
     30871
     30850
     30992
     30949
     30396
     30528
     30376
     30337
     30253
     30443
     30500
     30064
     29799
     29894
     29632
     29597
     29764
     29505
     28962
     29513
     29014
     28926
     29050
     28394
     28537
     28680
     28419
     28340
     28314
     28043
     27965
     27891
     28226
     27621
     27592
     27736
     27544
     27421
     27413
     27314
     27133
     26761
     27145
     26725
     26964
     26339
     26909
     26646
     26198
     26217
     26240
     26212
     26260
     26047
     25811
     25941
     25785
     25712
     25623
     25382
     25716
     25412
     25289
     25369
     25463
     25313
     25350
     25014
     24866
     25184
     24942
     24779
     25124
     24865
     24844
     24744
     24489
     24741
     24207
     24335
     24265
     24216
     24334
     24218
     24353
     23888
     23933
     23646
     23596
     23602
     23677
     23560
     23459
     23226
     23486
     23238
     23389
     23020
     22869
     23372
     23279
     22763
     22960
     22673
     22787
     22549
     22724
     22379
     22621
     22342
     22406
     22384
     22201
     22041
     22227
     22103
     22064
     22064
     21963
     21681
     21917
     21795
     21950
     21509
     21689
     21690
     21736
     21579
     21509
     21652
     21404
     21396
     21254
     21449
     21289
     21061
     21014
     21082
     21137
     20982
     20912
     20910
     21071
     20817
     20981
     20964
     20815
     20626
     20459
     20491
     20443
     20481
     20475
     20471
     20060
     20474
     20207
     20479
     20186
     20261
     20083
     19924
     19815
     20176
     19842
     19921
     19912
     19928
     20035
     20048
     20002
     19798
     19906
     19893
     19609
     19847
     19792
     19369
     19528
     19432
     19477
     19499
     19348
     19613
     19173
     19529
     19435
     19465
     19374
     19303
     19145
     19191
     19179
     19172
     19186
     19331
     19021
     18969
     18861
     18921
     19138
     18805
     19008
     18830
     18792
     18727
     18740
     18658
     18819
     18496
     18885
     18538
     18845
     18649
     18478
     18509
     18691
     18548
     18178
     18487
     18643
     18276
     18316
     18204
     18435
     18317
     18228
     18582
     18357
     18099
     17967
     18072
     18238
     18239
     18044
     18116
     17970
     17868
     17985
     18045
     18245
     18095
     17934
     17689
     17761
     17999
     18018
     18045
     18046
     18080
     17846
     18213
     18057
     17871
     17828
     17765
     17920
     17946
     17732
     17665
     17873
     17863
     17601
     17847
     17930
     17552
     17693
     17732
     17591
     17941
     17622
     17706
     17863
     17607
     17546
     17678
     17545
     17660
     17583
     17624
     17598
     17750
     17536
     17519
     17422
     17426
     17641
     17350
     17524
     17593
     17379
     17370
     17492
     17508
     17360
     17236
     17261
     17191
     17381
     17292
     17081
     17218
     17139
     17067
     17082
     17070
     17170
     16947
     16961
     17059
     17026
     17081
     17030
     16853
     16706
     16878
     16995
     17114
     16938
     16920
     16971
     16988
     16601
     16656
     16862
     16858
     16728
     16849
     16555
     16617
     16807
     16564
     17023
     16603
     16851
     16677
     16548
     16760
     16688
     16626
     16475
     16586
     16778
     16472
     16567
     16543
     16497
     16325
     16771
     16623
     16563
     16553
     16701
     16360
     16315
     16382
     16609
     16637
     16291
     16493
     16644
     16198
     16353
     16601
     16651
     16477
     16503
     16735
     16430
     16413
     16511
     16247
     16327
     16329
     16537
     16356
     16444
     16013
     16284
     16054
     16132
     16411
     16451
     16404
     16513
     16026
     16270
     16387
     16251
     16359
     16132
     16499
     16569
     16352
     16515
     16137
     16226
     16268
     16359
     16203
     16183
     16515
     16151
     16271
     16260
     16293
     16267
     15971
     16331
     16300
     16178
     16127
     16283
     16479
     16299
     16329
     16168
     16504
     16060
     16546
     16455
     16458
     16289
     16322
     16218
     16338
     16133
     16409
     16287
     16380
     16234
     16222
     16375
     16459
     16545
     16380
     16248
     16135
     16340
     16325
     16432
     16407
     16243
     16367
     16413
     16309
     16323
     16228
     16313
     16318
     16130
     16347
     16398
     16080
     16179
     16177
     16427
     16321
     16069
     16093
     16298
     16105
     16222
     16102
     16092
     16323
     16295
     16254
     16301
     16251
     16100
     16197
     16068
     16185
     16221
     16345
     16027
     16205
     16195
     16227
     16279
     16098
     16504
     16279
     16231
     16314
     16108
     16358
     16438
     16026
     16143
     16386
     16373
     16382
     16295
     16160
     16353
     16185
     16418
     16234
     16058
     16585
     16100
     16574
     16232
     16299
     16289
     16253
     16251
     16428
     16494
     16220
     16188
     16326
     16251
     16316
     16465
     16236
     16188
     16696
     16128
     16465
     16414
     16369
     16479
     16541
     16419
     16276
     16637
     16159
     16316
     16542
     16377
     16362
     16455
     16529
     16571
     16408
     16539
     16540
     16573
     16307
     16554
     16300
     16604
     16573
     16307
     16726
     16610
     16705
     16520
     16882
     16817
     16775
     16463
     16748
     16677
     16803
     16660
     16882
     16762
     16892
     16857
     17038
     16772
     16882
     16762
     16677
     16957
     16893
     16859
     16886
     16901
     16954
     16938
     16856
     16990
     17025
     17120
     16998
     17114
     17209
     17202
     17224
     17380
     17364
     17007
     17376
     17145
     17545
     17364
     17340
     17427
     17251
     17255
     17397
     17109
     17175
     16976
     17632
     17466
     17319
     17201
     17265
     17179
     17436
     17190
     17296
     17382
     17330
     17283
     17460
     17611
     17483
     17248
     17572
     17349
     17291
     17548
     17537
     17437
     17632
     17671
     17590
     17249
     17653
     17549
     17506
     17352
     17537
     17596
     17430
     17531
     17751
     17688
     17693
     17542
     17600
     17654
     17563
     17586
     17624
     17689
     17508
     17590
     17760
     17561
     17659
     17932
     17794
     17774
     17906
     17912
     17976
     18020
     17936
     18220
     17837
     17977
     18064
     17840
     17654
     18044
     17927
     18077
     17960
     18129
     18147
     17973
     18017
     17983
     17979
     18134
     18176
     18183
     18106
     18341
     18058
     18114
     18389
     17987
     18044
     17952
     18219
     18136
     17823
     17930
     17754
     18019
     17911
     18107
     18032
     18148
     18007
     17812
     17924
     18015
     17963
     17939
     17788
     17934
     17820
     17947
     17674
     17724
     17848
     17446
     17623
     17392
     17388
     17479
     17343
     17025
     17042
     17258
     16864
     16916
     16694
     16923
     16670
     16675
     16544
     16692
     16266
     16289
     16216
     16321
     16032
     16301
     15876
     15615
     15808
     15689
     15588
     15560
     15445
     15298
     15179
     15166
     14869
     14751
     15084
     14697
     14520
     14394
     14384
     14509
     14267
     14465
     14066
     13997
     13878
     13708
     13966
     13785
     13816
     13699
     13589
     13360
     13509
     13322
     13231
     13237
     12995
     13064
     13114
     12999
     13055
     12843
     12838
     12903
     12611
     12698
     12642
     12652
     12559
     12361
     12608
     12447
     12562
     12417
     12275
     12526
     12259
     12316
     12199
     12312
     12156
     12070
     12137
     12097
     12233
     11972
     11962
     12114
     11923
     12031
     11843
     11955
     12120
     11772
     11924
     11805
     11833
     11882
     11832
     11818
     11855
     11827
     11879
     11804
     11794
     11533
     11759
     11863
     11705
     11645
     11672
     11740
     11632
     11785
     11376
     11825
     11621
     11466
     11468
     11665
     11342
     11719
     11512
     11561
     11516
     11632
     11490
     11469
     11398
     11387
     11552
     11473
     11524
     11843
     11491
     11456
     11551
     11493
     11505
     11468
     11544
     11537
     11641
     11661
     11536
     11677
     11713
     11964
     11877
     11917
     12146
     12119
     12186
     12243
     12351
     12363
     12580
     12583
     12878
     13011
     13210
     13230
     13446
     13549
     13908
     14228
     14389
     14682
     14946
     15056
     15664
     15947
     16068
     16666
     16870
     17313
     17724
     18250
     18685
     19369
     19516
     20469
     20946
     21200
     22013
     22676
     23355
     23766
     24312
     25340
     25795
     26736
     27552
     28250
     28932
     29757
     30437
     31340
     31950
     33063
     33857
     34435
     35378
     36363
     37422
     38140
     38847
     39737
     40517
     41224
     42783
     43246
     44096
     44470
     45089
     45868
     47026
     47403
     47894
     48878
     49559
     49731
     50446
     50797
     51640
     51522
     51991
     52731
     52498
     53221
     53429
     53392
     53298
     53404
     53100
     53210
     53259
     52660
     52420
     52592
     52235
     51675
     51848
     51118
     50503
     50201
     49855
     48916
     48562
     47271
     47064
     46768
     45188
     44845
     43837
     43238
     42293
     41352
     40151
     39947
     38241
     37967
     36923
     35688
     34688
     33829
     33150
     32205
     31320
     29872
     29314
     27982
     27376
     26449
     25469
     24456
     23704
     22969
     21911
     21137
     20439
     19680
     18655
     17783
     17099
     16484
     15825
     15084
     14323
     14025
     13345
     12751
     12077
     11958
     11359
     10821
     10382
     10027
      9684
      9120
      8853
      8444
      8303
      7936
      7693
      7704
      7541
      7326
      7134
      7206
      6898
      6944
      6776
      6773
      6791
      6787
      6851
      6889
      6998
      7010
      7295
      7386
      7572
      7736
      7947
      8245
      8499
      8715
      8884
      9323
      9683
     10002
     10386
     10759
     11194
     11663
     11928
     12554
     13037
     13590
     13982
     14693
     15043
     15732
     16274
     16889
     17418
     18094
     18877
     19439
     20061
     20829
     21274
     22056
     22638
     23332
     23829
     24874
     25665
     26012
     26743
     27505
     28838
     29209
     30026
     30573
     30963
     31796
     32400
     33391
     33889
     34478
     34997
     35268
     36243
     36863
     37289
     37804
     38702
     38709
     39140
     39389
     39959
     40572
     40769
     40846
     41265
     41318
     41787
     41649
     42022
     42197
     42317
     41773
     42194
     42191
     42383
     42169
     41812
     41516
     41149
     41253
     41122
     40385
     40675
     39992
     39534
     39123
     38949
     38615
     37774
     37098
     36831
     36140
     35542
     34959
     34245
     33834
     33247
     32263
     31534
     30977
     30382
     29581
     28994
     28283
     27504
     26697
     25882
     25295
     24750
     23840
     22954
     22347
     21669
     21207
     20121
     19569
     18954
     18075
     17502
     16854
     16288
     15491
     15007
     14237
     13850
     13164
     12664
     11877
     11586
     10978
     10548
     10117
      9513
      8851
      8777
      8076
      7779
      7279
      7021
      6576
      6258
      5779
      5575
      5241
      5007
      4622
      4477
      4087
      3956
      3808
      3420
      3230
      3015
      2901
      2718
      2523
      2264
      2155
      2071
      1894
      1733
      1693
      1528
      1425
      1342
      1236
      1195
      1103
      1007
       934
       887
       852
       789
       679
       609
       540
       529
       510
       458
       440
       371
       349
       334
       314
       322
       267
       249
       227
       195
       223
       195
       172
       162
       177
       156
       146
       137
       130
       117
       107
       116
        83
       119
        91
       105
        73
        86
        83
        80
        88
        88
        80
        70
        60
        64
        63
        70
        67
        66
        61
        66
        75
        74
        63
        57
        63
        56
        49
        55
        64
        52
        61
        51
        64
        68
        57
        67
        56
        55
        64
        51
        69
        51
        59
        45
        62
        44
        62
        60
        54
        46
        55
        66
        63
        56
        56
        62
        60
        52
        64
        60
        60
        64
        59
        47
        58
        59
        72
        55
        64
        67
        52
        45
        68
        53
        58
        51
        72
        65
        60
        43
        59
        64
        61
        53
        55
        52
        72
        59
        48
        76
        73
        36
        68
        53
        56
        67
        54
        50
        51
        58
        60
        40
        47
        44
        72
        51
        55
        54
        64
        63
        57
        44
        51
        55
        75
        49
        61
        40
        63
        54
        61
        55
        55
        61
        63
        60
        55
        39
        61
        57
        55
        51
        58
        46
        64
        56
        48
        47
        65
        53
        42
        47
        60
        45
        58
        66
        57
        62
        60
        53
        57
        45
        56
        69
        51
        46
        51
        47
        56
        57
        42
        58
        59
        48
        50
        54
        59
        52
        56
        51
        59
        58
        44
        51
        43
        59
        64
        50
        58
        62
        65
        56
        50
        51
        52
        44
        52
        40
        48
        46
        56
        46
        33
        40
        39
        40
        51
        48
        42
        44
        41
        35
        31
        46
        42
        50
        50
        41
        36
        64
        55
        46
        42
        51
        40
        35
        46
        42
        49
        49
        44
        33
        33
        41
        40
        43
        49
        46
        41
        35
        53
        41
        50
        46
        44
        44
        43
        50
        44
        46
        50
        40
        50
        46
        36
        45
        42
        39
        44
        51
        53
        41
        38
        34
        54
        41
        34
        39
        55
        40
        41
        42
        45
        33
        45
        33
        47
        44
        42
        40
        35
        44
        54
        53
        46
        46
        33
        43
        36
        38
        44
        30
        43
        32
        52
        36
        37
        36
        47
        37
        43
        33
        33
        47
        39
        32
        39
        37
        41
        49
        45
        37
        55
        38
        50
        48
        42
        39
        46
        33
        39
        46
        42
        38
        43
        42
        44
        36
        35
        51
        45
        49
        37
        32
        34
        31
        39
        37
        44
        34
        44
        36
        39
        40
        51
        32
        33
        40
        36
        35
        40
        31
        47
        39
        48
        31
        30
        51
        45
        41
        45
        41
        35
        38
        32
        36
        47
        29
        43
        37
        44
        42
        28
        40
        34
        19
        36
        36
        37
        28
        43
        21
        36
        31
        41
        32
        37
        39
        37
        29
        35
        34
        23
        30
        39
        51
        30
        40
        38
        31
        32
        44
        46
        29
        35
        42
        41
        46
        38
        35
        41
        36
        35
        43
        28
        33
        33
        41
        40
        46
        41
        33
        30
        46
        28
        35
        33
        40
        45
        36
        31
        32
        47
        33
        29
        43
        35
        43
        43
        35
        35
        32
        29
        57
        29
        37
        38
        35
        33
        33
        35
        35
        35
        37
        28
        26
        39
        35
        34
        32
        43
        31
        35
        23
        40
        35
        44
        26
        33
        35
        29
        35
        26
        34
        31
        37
        32
        27
        32
        40
        36
        29
        34
        33
        36
        26
        25
        30
        33
        36
        37
        33
        35
        31
        36
        42
        35
        42
        28
        26
        37
        24
        37
        27
        36
        27
        35
        37
        36
        37
        44
        34
        28
        41
        38
        39
        29
        31
        35
        28
        39
        30
        32
        38
        25
        33
        19
        37
        23
        34
        33
        37
        34
        34
        21
        38
        30
        28
        40
        41
        31
        34
        32
        31
        40
        45
        27
        34
        45
        35
        36
        34
        22
        34
        29
        25
        27
        31
        42
        36
        29
        25
        32
        44
        27
        27
        29
        32
        30
        34
        38
        28
        26
        30
        33
        29
        36
        37
        32
        31
        25
        33
        22
        34
        43
        24
        44
        34
        21
        25
        33
        26
        29
        39
        31
        19
        36
        28
        23
        29
        31
        38
        23
        38
        38
        31
        26
        26
        16
        21
        37
        32
        31
        26
        34
        16
        22
        30
        32
        34
        32
        30
        33
        35
        24
        36
        27
        32
        35
        29
        32
        41
        19
        30
        28
        29
        31
        31
        22
        21
        25
        37
        29
        21
        30
        33
        28
        25
        29
        27
        26
        31
        27
        24
        35
        31
        43
        24
        29
        27
        22
        24
        34
        28
        49
        35
        33
        26
        33
        31
        36
        30
        33
        25
        30
        30
        27
        24
        38
        23
        37
        29
        32
        32
        20
        32
        28
        26
        38
        30
        31
        27
        28
        19
        36
        35
        32
        36
        31
        35
        33
        26
        31
        19
        29
        28
        33
        31
        29
        31
        36
        20
        27
        36
        28
        34
        26
        22
        28
        27
        40
        42
        27
        37
        31
        24
        30
        34
        24
        23
        28
        24
        39
        26
        41
        30
        25
        29
        30
        31
        29
        38
        29
        35
        33
        28
        31
        43
        34
        29
        30
        28
        35
        33
        28
        25
        42
        23
        29
        35
        31
        28
        28
        37
        27
        30
        30
        15
        30
        22
        27
        34
        30
        30
        27
        35
        31
        36
        25
        28
        25
        21
        23
        32
        32
        32
        28
        28
        28
        24
        34
        23
        25
        25
        31
        27
        29
        15
        28
        19
        23
        30
        30
        28
        25
        18
        27
        22
        26
        20
        20
        16
        24
        22
        26
        39
        30
        26
        28
        28
        19
        23
        29
        24
        25
        24
        31
        26
        26
        26
        13
        21
        24
        24
        13
        14
        32
        20
        15
        15
        17
        37
        20
        27
        20
        12
        17
        16
        24
         8
        18
        21
        16
        12
        16
        16
        14
        14
        22
        18
        13
        20
        18
        18
        15
         7
        15
        18
        13
        19
        19
        13
        14
        11
        16
        16
        16
        22
        13
        11
         8
        10
        10
        16
        13
        17
        12
        24
         6
         8
         9
        17
        13
        12
        12
        10
         9
        14
         7
         8
        11
         8
        13
         5
        12
        14
        13
        12
         3
         8
        10
        15
        16
         9
         9
         9
        10
        11
         8
         9
         4
         7
        10
        14
         6
        10
        14
         9
        10
        12
        16
        10
         5
        13
         5
        12
        13
         9
         8
        14
         6
         9
        10
        14
         9
        15
        13
        14
        17
         8
        13
        14
        12
        10
        13
        11
        14
        13
        11
        10
        13
        11
        10
        15
         7
        12
        11
        13
        10
        13
        18
        14
        16
        14
        24
        21
        15
        23
        14
        29
        23
        18
        18
        29
        13
        16
        24
        22
        27
        21
        31
        36
        26
        27
        26
        19
        30
        29
        26
        19
        29
        28
        29
        33
        34
        28
        36
        35
        35
        40
        39
        34
        52
        40
        46
        42
        37
        37
        36
        53
        41
        46
        39
        38
        41
        35
        31
        47
        46
        50
        50
        49
        53
        40
        50
        37
        49
        42
        37
        41
        52
        51
        58
        51
        44
        52
        51
        42
        37
        53
        52
        53
        47
        45
        49
        47
        59
        55
        40
        58
        42
        59
        59
        42
        41
        41
        47
        48
        45
        57
        58
        39
        46
        39
        46
        34
        50
        36
        43
        38
        39
        42
        30
        46
        54
        33
        38
        52
        33
        34
        48
        26
        26
        46
        30
        34
        34
        39
        30
        31
        33
        24
        29
        25
        29
        24
        30
        23
        18
        28
        26
        11
        22
        24
        22
        25
        34
        19
        21
        22
        15
        16
        21
        15
        21
        15
        14
        19
        16
        16
         7
        20
        10
        12
        16
        14
        11
        13
        11
         9
        14
        11
        16
         5
         9
         2
        10
         9
         6
        11
         7
         9
         9
         6
         1
         9
         7
         4
         8
         7
         6
         9
         1
         5
         1
         1
         6
         3
         4
         6
         3
         5
         4
         1
         1
         3
         5
         0
         1
         3
         1
         3
         1
         2
         4
         4
         1
         0
         0
         1
         0
         0
         3
         1
         1
         1
         0
         0
         1
         0
         1
         2
         0
         1
         0
         1
         1
         1
         1
         0
         2
         1
         0
         1
         1
         2
         0
         0
         0
         0
         0
         0
         0
         0
         0
         0
         0
         0
         0
         0
         0
         0
         0
         0
         0
         0
         0
         0
         0
         0
         0
         0
         1
         0
         1
         0
         0
         0
         0
         1
         0
         0
         0
         0
         0
         0
         0
         0
         0
         0
         0
         0
         0
         0
         0
         0
         0
         0
         0
         0
         0
         0
         0
         0
         0
         0
         0
         0
         0
         0
         0
         0
         0
         0
         0
         0
         0
         0
         0
         0
         0
         0
         0
         0
         0
         0
         0
         0
         0
         0
         0
         0
         0
         0
         0
         0
         0
         0
         0
         0
         0
         0
         0
         0
         0
         0
         0
         0
         0
         0
         0
         0
         0
         0
         0
         0
         0
         0
         0
         0
         0
         0
         0
         0
         0
         0
         0
         0
         0
         0
         0
         0
         0
         0
         0
         0
         0
         0
         0
         0
         0
         0
         0
         0
         0
         0
         0
         0
         0
         0
         0
         0
         0
         0
         0
         0
         0
         0
         0
         0
         0
         0
         0
         0
         0
         0
         0
         0
         0
         0
         0
         0
         0
         0
         0
         0
         0
         0
         0
         0
         0
         0
         0
         0
         0
         0
         0
         0
         0
         0
         0
         0
         0
         0
         0
         0
         0
         0
         0
         0
         0
         0
         0
         0
         0
         0
         0
         0
         0
         0
         0
         0
         0
         0
         0
         0
         0
         0
         0
         0
         0
         0
         0
         0
         0
         0
         0
         0
         0
         0
         0
         0
         0
         0
         0
         0
         0
         0
         0
         0
         0
         0
         0
         0
         0
         0
         0
         0
         0
         0
         0
         0
         0
         0
         0
         0
         0
         0
         0
         0
         0
         0
         0
         0
         0
         0
         0
         0
         0
         0
         0
         0
         0
         0
         0
         0
         0
         0
         0
         0
         0
         0
         0
         0
         0
         0
         0
         0
         0
         0
         0
         0
         0
         0
         0
         0
         0
         0
         0
         0
         0
         0
         0
         0
         0
         0
         0
         0
         0
         0
         0
         0
         0
         0
         0
         0
         0
         0
         0
         0
         0
         0
         0
         0
         0
         0
         0
         0
         0
         0
         0
         0
         0
         0
         0
         0
         0
         0
