         0
         0
         0
         0
         0
         0
         0
         0
         0
         0
      2808
      2934
      2861
      3027
      2953
      2967
      2975
      2919
      3020
      3072
      3049
      2986
      3029
      3065
      3067
      3062
      2944
      3067
      3055
      3057
      3014
      3068
      3130
      3013
      3102
      3102
      3013
      3047
      3083
      3093
      3087
      3126
      3071
      3066
      3076
      3073
      3082
      2992
      3133
      2980
      3030
      3030
      3010
      3066
      3077
      3055
      3060
      2926
      3023
      3053
      2981
      2952
      3045
      2964
      3058
      3046
      2930
      2988
      3055
      3012
      2928
      3000
      2840
      2904
      3154
      2976
      2885
      2952
      2957
      3042
      2914
      3000
      3002
      2997
      2947
      3024
      3172
      2983
      3104
      3005
      3025
      3036
      3065
      2982
      2934
      3095
      2861
      2973
      3011
      2972
      2954
      2964
      3030
      2984
      2950
      3082
      2936
      2924
      2969
      2998
      3073
      2998
      3002
      3019
      3105
      3072
      2968
      2976
      2935
      3014
      3072
      3035
      3087
      3126
      3072
      3125
      3041
      3079
      3042
      3082
      3105
      3104
      3153
      3157
      3109
      3052
      3114
      3084
      3132
      3178
      3090
      3086
      3146
      3169
      3137
      3236
      3288
      3106
      3122
      3202
      3159
      3191
      3206
      3079
      3192
      3131
      3157
      3230
      3087
      3124
      3237
      3271
      3174
      3186
      3233
      3255
      3170
      3143
      3133
      3198
      3121
      3093
      3230
      3124
      3063
      3194
      3119
      3238
      3143
      3117
      3273
      3193
      3241
      3212
      3115
      3264
      3179
      3172
      3259
      3221
      3175
      3201
      3247
      3157
      3303
      3239
      3372
      3283
      3263
      3233
      3397
      3304
      3405
      3501
      3364
      3528
      3549
      3621
      3659
      3536
      3691
      3704
      3814
      3811
      3785
      3796
      3880
      3828
      3905
      3931
      3958
      3864
      3985
      3915
      3814
      3859
      3939
      3899
      3937
      3956
      4047
      3881
      3897
      3920
      3906
      3805
      3891
      3874
      4004
      3868
      3804
      3884
      3896
      3840
      3756
      3781
      3727
      3841
      3842
      3777
      3778
      3747
      3814
      3986
      3676
      3772
      3866
      3734
      3675
      3727
      3770
      3749
      3702
      3780
      3804
      3797
      3552
      3751
      3616
      3685
      3682
      3719
      3770
      3693
      3624
      3658
      3711
      3610
      3723
      3611
      3581
      3567
      3692
      3668
      3675
      3586
      3671
      3702
      3611
      3648
      3635
      3586
      3674
      3500
      3626
      3672
      3594
      3638
      3410
      3638
      3576
      3683
      3677
      3625
      3607
      3568
      3597
      3605
      3569
      3674
      3681
      3551
      3644
      3632
      3562
      3670
      3659
      3580
      3478
      3620
      3656
      3627
      3568
      3500
      3488
      3606
      3508
      3522
      3543
      3594
      3548
      3556
      3506
      3585
      3442
      3409
      3549
      3366
      3481
      3369
      3445
      3411
      3469
      3354
      3498
      3401
      3509
      3503
      3434
      3468
      3434
      3422
      3540
      3434
      3458
      3546
      3504
      3433
      3489
      3417
      3395
      3488
      3463
      3438
      3460
      3403
      3330
      3460
      3317
      3375
      3438
      3469
      3406
      3397
      3580
      3445
      3415
      3391
      3519
      3397
      3545
      3455
      3354
      3486
      3432
      3332
      3445
      3450
      3382
      3366
      3460
      3372
      3391
      3391
      3435
      3410
      3411
      3299
      3478
      3458
      3398
      3364
      3445
      3322
      3442
      3515
      3372
      3406
      3401
      3327
      3399
      3381
      3298
      3338
      3317
      3373
      3341
      3358
      3452
      3493
      3319
      3291
      3378
      3439
      3396
      3417
      3471
      3335
      3392
      3373
      3421
      3382
      3341
      3419
      3378
      3327
      3448
      3253
      3405
      3370
      3377
      3406
      3350
      3437
      3428
      3238
      3411
      3356
      3432
      3356
      3368
      3454
      3284
      3343
      3405
      3195
      3395
      3298
      3324
      3352
      3406
      3373
      3456
      3323
      3514
      3354
      3394
      3371
      3366
      3407
      3324
      3378
      3255
      3340
      3313
      3320
      3343
      3330
      3333
      3392
      3401
      3413
      3391
      3469
      3456
      3488
      3324
      3441
      3472
      3335
      3376
      3371
      3348
      3350
      3430
      3317
      3446
      3296
      3421
      3341
      3390
      3351
      3343
      3406
      3402
      3273
      3371
      3488
      3395
      3498
      3370
      3440
      3421
      3464
      3408
      3357
      3420
      3393
      3414
      3441
      3450
      3252
      3289
      3354
      3252
      3383
      3409
      3392
      3331
      3460
      3478
      3287
      3433
      3374
      3310
      3427
      3422
      3345
      3440
      3430
      3425
      3431
      3363
      3443
      3512
      3390
      3377
      3433
      3237
      3326
      3386
      3307
      3414
      3421
      3336
      3436
      3488
      3435
      3431
      3366
      3299
      3398
      3377
      3449
      3447
      3277
      3395
      3427
      3360
      3421
      3457
      3527
      3368
      3447
      3419
      3360
      3472
      3366
      3514
      3390
      3417
      3522
      3388
      3400
      3391
      3557
      3431
      3549
      3444
      3358
      3449
      3416
      3488
      3468
      3421
      3455
      3469
      3378
      3518
      3474
      3527
      3436
      3530
      3411
      3421
      3489
      3515
      3627
      3574
      3350
      3502
      3448
      3425
      3467
      3522
      3461
      3499
      3526
      3414
      3674
      3489
      3612
      3527
      3474
      3477
      3606
      3456
      3419
      3592
      3481
      3488
      3514
      3563
      3546
      3648
      3432
      3528
      3558
      3592
      3390
      3526
      3446
      3581
      3620
      3567
      3610
      3546
      3501
      3535
      3555
      3621
      3439
      3520
      3570
      3504
      3428
      3675
      3646
      3627
      3687
      3527
      3522
      3643
      3568
      3619
      3670
      3590
      3606
      3671
      3667
      3643
      3616
      3673
      3627
      3604
      3591
      3639
      3708
      3650
      3571
      3569
      3672
      3619
      3611
      3701
      3523
      3668
      3690
      3592
      3698
      3491
      3644
      3733
      3709
      3676
      3619
      3613
      3745
      3558
      3612
      3711
      3612
      3610
      3701
      3640
      3752
      3698
      3709
      3781
      3756
      3698
      3716
      3702
      3621
      3703
      3658
      3717
      3717
      3606
      3612
      3680
      3733
      3639
      3740
      3694
      3624
      3778
      3699
      3756
      3839
      3740
      3780
      3761
      3712
      3697
      3761
      3704
      3849
      3787
      3785
      3764
      3764
      3726
      3798
      3738
      3836
      3837
      3779
      3812
      3779
      3777
      3751
      3802
      3844
      3798
      3815
      3764
      3865
      3867
      3739
      3873
      3876
      3810
      3860
      3824
      3809
      3969
      3883
      3714
      3953
      3902
      3918
      3858
      3900
      3893
      3924
      3973
      3859
      3979
      3992
      3833
      3910
      3925
      3904
      4014
      3923
      3963
      3981
      4069
      3896
      4004
      4034
      4082
      3964
      4011
      4064
      4057
      3972
      4063
      4241
      4210
      4009
      4106
      4165
      4018
      4105
      4111
      4150
      4074
      4216
      4205
      4144
      4252
      4137
      4198
      4140
      4298
      4164
      4202
      4222
      4111
      4142
      4260
      4308
      4264
      4156
      4178
      4205
      4259
      4258
      4231
      4401
      4402
      4333
      4255
      4223
      4330
      4259
      4135
      4237
      4332
      4266
      4251
      4323
      4372
      4212
      4290
      4299
      4352
      4335
      4367
      4374
      4343
      4357
      4362
      4397
      4408
      4315
      4393
      4363
      4463
      4426
      4398
      4314
      4471
      4422
      4489
      4438
      4462
      4371
      4470
      4471
      4453
      4489
      4498
      4421
      4385
      4461
      4455
      4509
      4523
      4602
      4457
      4663
      4432
      4578
      4463
      4622
      4649
      4705
      4604
      4590
      4649
      4441
      4442
      4404
      4602
      4579
      4637
      4581
      4557
      4547
      4594
      4451
      4701
      4550
      4460
      4688
      4551
      4604
      4772
      4552
      4586
      4686
      4605
      4527
      4612
      4685
      4660
      4614
      4466
      4543
      4705
      4596
      4548
      4470
      4463
      4436
      4609
      4459
      4461
      4590
      4478
      4518
      4515
      4323
      4324
      4267
      4485
      4446
      4418
      4462
      4394
      4278
      4365
      4357
      4242
      4310
      4296
      4207
      4295
      4186
      4230
      4186
      4025
      4100
      4015
      4118
      3919
      4085
      4044
      3959
      4048
      4080
      3829
      3731
      3962
      3807
      3824
      3693
      3659
      3724
      3643
      3822
      3683
      3575
      3612
      3615
      3420
      3611
      3470
      3557
      3417
      3378
      3433
      3337
      3339
      3380
      3342
      3419
      3284
      3288
      3271
      3216
      3208
      3233
      3262
      3204
      3152
      3207
      3252
      3054
      3131
      3155
      3088
      3139
      3089
      3105
      2976
      3083
      3097
      3024
      2996
      3071
      2915
      2958
      3023
      3040
      3049
      2844
      3002
      2940
      3044
      2887
      2895
      2873
      3029
      2923
      2905
      2992
      2816
      2921
      2818
      2951
      2846
      2939
      2755
      2854
      2862
      2884
      2807
      2891
      2862
      2850
      2805
      2836
      2864
      2815
      2886
      2886
      2905
      2799
      2761
      2774
      2879
      2912
      2806
      2796
      2788
      2840
      2878
      2879
      2881
      2746
      2742
      2772
      2844
      2840
      2841
      2689
      2764
      2751
      2796
      2827
      2879
      2780
      2843
      2879
      2763
      2779
      2772
      2856
      2923
      2820
      2891
      2901
      2888
      2846
      2913
      2938
      2945
      2978
      3080
      2970
      3115
      3088
      3276
      3331
      3246
      3355
      3437
      3473
      3488
      3586
      3727
      3739
      3765
      3941
      3959
      4075
      4307
      4346
      4437
      4610
      4714
      4884
      5013
      5140
      5382
      5499
      5565
      5795
      5969
      6330
      6395
      6535
      6720
      7098
      7369
      7451
      7705
      7853
      8122
      8267
      8544
      8886
      9083
      9415
      9618
      9905
     10111
     10195
     10624
     10898
     11358
     11326
     11651
     11789
     12211
     12352
     12786
     12694
     13245
     13486
     13426
     13574
     13913
     14076
     14210
     14436
     14591
     14971
     14985
     15157
     15081
     15268
     15270
     15506
     15401
     15669
     15428
     15471
     15541
     15587
     15573
     15363
     15436
     15531
     15294
     15219
     15147
     14820
     14708
     14754
     14606
     14290
     14372
     14003
     13764
     13429
     13306
     12944
     12698
     12468
     12156
     12134
     12036
     11564
     11263
     11169
     10929
     10427
     10211
      9778
      9572
      9384
      9067
      8597
      8359
      8098
      7911
      7683
      7381
      7097
      6854
      6642
      6481
      6094
      5943
      5637
      5436
      5146
      5026
      4760
      4346
      4251
      4100
      3832
      3699
      3671
      3434
      3283
      3134
      3047
      2845
      2659
      2587
      2580
      2475
      2328
      2195
      2153
      2063
      2129
      1968
      1941
      1906
      1813
      1863
      1699
      1735
      1795
      1762
      1816
      1804
      1826
      1864
      1855
      1918
      1934
      2010
      2077
      2118
      2248
      2263
      2331
      2476
      2511
      2724
      2758
      2847
      2959
      3205
      3103
      3362
      3541
      3739
      3768
      3924
      4133
      4339
      4433
      4529
      4882
      4919
      5126
      5407
      5502
      5672
      5939
      6119
      6270
      6448
      6598
      6957
      7036
      7384
      7506
      7782
      7944
      8335
      8491
      8614
      8904
      9101
      9138
      9679
      9555
      9786
      9937
     10196
     10424
     10372
     10714
     11023
     11037
     11103
     11422
     11283
     11611
     11866
     11923
     11864
     11872
     12003
     12151
     12126
     12201
     12153
     12284
     12355
     12539
     12219
     12251
     12458
     12121
     12191
     12272
     12129
     12041
     11978
     11812
     11845
     11689
     11788
     11652
     11410
     11335
     11208
     10745
     10629
     10396
     10456
     10339
     10063
      9874
      9710
      9478
      9324
      9234
      8826
      8910
      8521
      8384
      8106
      7923
      7499
      7475
      7131
      7043
      6778
      6568
      6488
      6128
      5932
      5772
      5560
      5268
      5156
      4881
      4722
      4558
      4474
      4238
      4017
      3830
      3625
      3499
      3377
      3232
      3081
      2946
      2736
      2703
      2641
      2353
      2290
      2100
      1982
      1908
      1865
      1687
      1545
      1559
      1434
      1298
      1285
      1227
      1209
      1011
      1004
       918
       904
       783
       768
       721
       662
       601
       544
       559
       475
       513
       453
       391
       339
       346
       327
       307
       289
       250
       239
       216
       197
       190
       139
       155
       144
       134
       124
       118
        97
       106
        92
        86
        86
        74
        58
        56
        44
        54
        49
        40
        30
        33
        24
        24
        18
        26
        22
        17
        13
        24
        11
        22
        10
        13
         9
        14
         8
         9
         8
         5
         8
         9
        10
         6
         2
         3
         3
         7
         1
         5
         2
         8
         7
         5
         7
        10
         2
         2
         2
         5
         3
         5
         3
         2
         4
         1
         2
         6
         1
         4
         3
         4
         1
         3
         2
         3
         3
         5
         6
         2
         2
         1
         4
         6
         3
         5
         5
         3
         3
         3
         2
         1
         2
         3
         1
         4
         5
         1
         4
         5
         4
         3
         3
         4
         2
         1
         2
         2
         1
         5
         2
         3
         1
         1
         3
         3
         2
         4
         7
         4
         1
         3
         5
         7
         2
         5
         1
         0
         6
         3
         3
         4
         3
         4
         4
         5
         1
         3
         7
         3
         4
         3
         1
         6
         1
         4
         5
         1
         5
         4
         3
         3
         3
         3
         4
         4
         3
         5
         2
         1
         4
         6
         4
         5
         0
         4
         2
         2
         5
         1
         1
         3
         9
         2
         1
         2
         3
         5
         7
         5
         2
         1
         2
         4
         1
         4
         3
         1
         2
         4
         3
         4
         2
         4
         5
         1
         2
         3
         0
         0
         2
         2
         4
         6
         2
         5
         2
         1
         3
         3
         2
         4
         3
         4
         5
         4
         3
         3
         2
         0
         5
         4
         2
         4
         7
         2
         3
         4
         3
         2
         1
         4
         2
         1
         2
         4
         3
         4
         3
         6
         2
         4
         2
         2
         1
         3
         4
         4
         2
         0
         3
         7
         2
         2
         5
         8
         3
         2
         0
         2
         2
         5
         4
         1
         2
         2
         6
         0
         4
         6
         2
         1
         3
         3
         4
         3
         0
         3
         4
         2
         5
         2
         5
         3
         7
         1
         4
         0
         1
         2
         7
         0
         1
         3
         3
         4
         1
         2
         2
         3
         4
         2
         4
         1
         1
         1
         1
         5
         3
         4
         4
         2
         4
         2
         1
         2
         5
         3
         5
         2
         3
         1
         5
         4
         4
         5
         4
         3
         1
         3
         5
         3
         6
         1
         1
         4
         4
         2
         4
         2
         2
         2
         2
         4
         3
         2
         2
         6
         2
         3
         5
         3
         0
         2
         3
         5
         3
         2
         1
         1
         4
         2
         2
         5
         3
         5
         1
         5
         5
         5
         4
         0
         1
         2
         3
         0
         4
         6
         1
         1
         1
         2
         3
         1
         2
         2
         2
         3
         4
         1
         2
         2
         3
         3
         1
         1
         2
         1
         4
         4
         3
         0
         1
         2
         5
         1
         3
         3
         3
         3
         3
         1
         1
         1
         4
         1
         3
         4
         4
         3
         1
         2
         3
         4
         3
         3
         3
         4
         4
         1
         3
         3
         2
         1
         3
         3
         4
         1
         3
         2
         1
         2
         3
         1
         4
         0
         3
         3
         4
         2
         6
         6
         2
         2
         0
         1
         0
         2
         3
         6
         5
         3
         1
         3
         5
         2
         1
         0
         2
         4
         1
         5
         3
         4
         2
         2
         3
         2
         3
         6
         3
         1
         2
         0
         1
         5
         5
         2
         5
         6
         1
         2
         2
         1
         1
         2
         3
         4
         1
         3
         1
         1
         5
         1
         4
         3
         2
         1
         3
         5
         0
         2
         1
         3
         3
         1
         3
         2
         0
         1
         3
         1
         3
         2
         2
         0
         2
         4
         3
         0
         4
         1
         1
         1
         2
         5
         1
         2
         4
         1
         4
         4
         4
         5
         2
         1
         1
         4
         0
         7
         2
         7
         3
         2
         2
         4
         4
         3
         5
         2
         3
         2
         5
         7
         2
         3
         3
         6
         4
         4
         1
         5
         4
         5
         4
         3
         2
         2
         4
         6
         5
         5
         6
         3
         3
         3
         4
         5
         2
         4
         2
         3
         1
         3
         3
         5
         2
         4
         2
         3
         6
         2
         4
         3
         5
         6
         2
         6
         1
         7
         1
         7
         4
         4
         4
         4
         3
         3
         2
         2
         2
         3
         4
         5
         1
         3
         5
         3
         1
         0
         3
         0
         0
         0
         0
         3
         7
         3
         2
         2
         2
         2
         3
         1
         1
         3
         3
         1
         3
         1
         2
         2
         1
         1
         5
         3
         0
         3
         3
         2
         3
         3
         3
         5
         5
         4
         4
         5
         0
         2
         3
         0
         1
         7
         5
         3
         5
         5
         3
         1
         1
         2
         2
         7
         4
         2
         2
         0
         4
         2
         2
         0
         4
         3
         3
         3
         2
         4
         5
         4
         0
         3
         5
         1
         2
         5
         2
         0
         3
         5
         1
         2
         7
         3
         3
         3
         6
         2
         4
         3
         1
         4
         5
         6
         3
         0
         1
         2
         0
         3
         3
         3
         2
         2
         3
         2
         5
         0
         1
         2
         0
         1
         4
         4
         5
         1
         5
         1
         3
         4
         1
         4
         1
         4
         1
         2
         3
         5
         0
         1
         2
         4
         1
         3
         1
         5
         2
         4
         2
         1
         2
         3
         1
         4
         3
         2
         3
         3
         1
         1
         3
         3
         4
         1
         2
         2
         3
         4
         7
         2
         4
         4
         0
         3
         2
         2
         5
         4
         3
         0
         5
         5
         2
         3
         4
         1
         3
         3
         1
         3
        10
         2
         2
         4
         2
         1
         4
         6
         1
         4
         4
         2
         0
         1
         2
         1
         3
         2
         2
         3
         1
         2
         0
         4
         3
         1
         6
         3
         3
         0
         3
         3
         7
         0
         0
         1
         1
         2
         6
         2
         3
         5
         2
         2
         0
         1
         1
         2
         2
         3
         1
         0
         2
         1
         2
         1
         4
         3
         0
         1
         2
         3
         0
         1
         0
         3
         1
         2
         2
         1
         0
         1
         1
         3
         1
         1
         0
         4
         1
         1
         1
         1
         2
         1
         2
         4
         2
         1
         1
         3
         0
         0
         2
         3
         4
         1
         2
         1
         4
         1
         0
         2
         1
         2
         1
         1
         0
         0
         0
         0
         1
         0
         0
         0
         0
         0
         2
         0
         0
         0
         2
         3
         2
         1
         1
         2
         1
         0
         1
         0
         1
         0
         0
         0
         0
         0
         0
         1
         1
         2
         2
         0
         2
         0
         1
         0
         2
         0
         2
         1
         2
         0
         1
         2
         0
         0
         1
         2
         1
         0
         0
         2
         1
         5
         0
         2
         1
         1
         1
         0
         0
         6
         1
         1
         1
         0
         0
         3
         1
         3
         5
         1
         1
         2
         1
         1
         0
         4
         2
         6
         1
         0
         2
         0
         3
         3
         4
         2
         4
         2
         0
         1
         5
         1
         6
         3
         3
         8
         1
         6
         4
         6
         4
         5
         9
         0
         3
         3
         4
         4
         8
         7
         2
         4
         2
         6
         6
         4
         2
         4
         8
         8
         3
         1
         4
         4
         7
         2
         4
         8
         2
         4
         6
         6
         5
         4
         2
         2
         4
         4
         4
         7
         8
         4
         7
         6
         4
         4
         3
         7
         8
         4
         6
         3
         6
         4
         6
         3
         6
         8
         5
         3
         2
         5
         4
         2
         8
         5
         5
         6
         2
         5
         3
         2
         3
         4
         9
         8
         7
        10
         3
         3
         5
         2
         6
         7
         2
         3
         5
         8
        10
         4
         3
         5
         6
         3
         1
         4
         4
         5
         6
         2
         3
         7
         2
         2
         5
         3
         4
         2
         1
         3
         5
         5
         2
         4
         4
         2
         2
         3
         3
         5
         5
         1
         0
         1
         0
         2
         0
         2
         0
         2
         2
         2
         2
         2
         1
         1
         1
         2
         3
         1
         5
         0
         2
         1
         2
         2
         2
         1
         4
         3
         0
         1
         1
         0
         1
         1
         1
         0
         1
         1
         0
         0
         1
         1
         0
         0
         1
         1
         1
         0
         1
         0
         0
         0
         0
         0
         0
         0
         0
         0
         0
         0
         1
         1
         0
         0
         1
         0
         0
         0
         0
         0
         0
         1
         0
         0
         0
         0
         0
         0
         0
         0
         1
         0
         0
         0
         0
         0
         0
         0
         0
         1
         1
         0
         0
         0
         0
         0
         0
         0
         0
         0
         0
         0
         0
         0
         0
         0
         0
         0
         0
         0
         0
         0
         0
         0
         0
         0
         0
         0
         0
         0
         0
         0
         0
         0
         0
         0
         0
         0
         0
         0
         0
         0
         0
         0
         0
         0
         0
         0
         0
         0
         0
         0
         0
         0
         0
         0
         0
         0
         0
         0
         0
         0
         0
         0
         0
         0
         0
         0
         0
         0
         0
         0
         0
         0
         0
         0
         0
         0
         0
         0
         0
         0
         0
         0
         0
         0
         0
         0
         0
         0
         0
         0
         0
         0
         0
         0
         0
         0
         0
         0
         0
         0
         0
         0
         0
         0
         0
         0
         0
         0
         0
         0
         0
         0
         0
         0
         0
         0
         0
         0
         0
         0
         0
         0
         0
         0
         0
         0
         0
         0
         0
         0
         0
         0
         0
         0
         0
         0
         0
         0
         0
         0
         0
         0
         0
         0
         0
         0
         0
         0
         0
         0
         0
         0
         0
         0
         0
         0
         0
         0
         0
         0
         0
         0
         0
         0
         0
         0
         0
         0
         0
         0
         0
         0
         0
         0
         0
         0
         0
         0
         0
         0
         0
         0
         0
         0
         0
         0
         0
         0
         0
         0
         0
         0
         0
         0
         0
         0
         0
         0
         0
         0
         0
         0
         0
         0
         0
         0
         0
         0
         0
         0
         0
         0
         0
         0
         0
         0
         0
         0
         0
         0
         0
         0
         0
         0
         0
         0
         0
         0
         0
         0
         0
         0
         0
         0
         0
         0
         0
         0
         0
         0
         0
         0
         0
         0
         0
         0
         0
         0
         0
         0
         0
         0
         0
         0
         0
         0
         0
         0
         0
         0
         0
         0
         0
         0
         0
         0
         0
         0
         0
         0
         0
         0
         0
         0
         0
         0
         0
         0
         0
         0
         0
         0
         0
         0
         0
         0
         0
         0
         0
         0
         0
         0
         0
         0
         0
         0
         0
         0
         0
         0
         0
         0
         0
         0
         0
         0
         0
         0
         0
         0
         0
         0
         0
         0
         0
         0
         0
         0
         0
         0
         0
         0
         0
         0
         0
         0
         0
         0
         0
         0
         0
