         0
         0
         0
         0
         0
         0
         0
         0
         0
         0
     14695
     14975
     15168
     15206
     15178
     15477
     15347
     15195
     15490
     15482
     15522
     15421
     15492
     15692
     15550
     15819
     15689
     15731
     15803
     15861
     15949
     15778
     15778
     15916
     16174
     15970
     16263
     15978
     15990
     16105
     16225
     16157
     16071
     16247
     16355
     16464
     16591
     16082
     16161
     16325
     16266
     16059
     16187
     16386
     16263
     16248
     16270
     16404
     16510
     16463
     16404
     16256
     16283
     16411
     16604
     16730
     16621
     16753
     16713
     16794
     16798
     16917
     16879
     17107
     17236
     17553
     17394
     17438
     17709
     17800
     17769
     17952
     17958
     18219
     18621
     18700
     19179
     19153
     19308
     19613
     19507
     19952
     20271
     20279
     20104
     20540
     20916
     21249
     21187
     21344
     21730
     21806
     22378
     22334
     22445
     22899
     23266
     23351
     23467
     23767
     24180
     24346
     24605
     24896
     24885
     25324
     25577
     26003
     25981
     26479
     26968
     27201
     27474
     27660
     28298
     27933
     27934
     28310
     28546
     29128
     28904
     29118
     29296
     29404
     29821
     29941
     30081
     30241
     30541
     30321
     30457
     30521
     30809
     31234
     31174
     31065
     31038
     31161
     31058
     30870
     31203
     31548
     31384
     31517
     31643
     31646
     31921
     31153
     31969
     31576
     31543
     31693
     31609
     32010
     31708
     31491
     31814
     32072
     31969
     31896
     31711
     31883
     31941
     32093
     31896
     31905
     32047
     31929
     31619
     31874
     32212
     32276
     32496
     32303
     32596
     32178
     32061
     32335
     32456
     32272
     32739
     32388
     32730
     32669
     32885
     32882
     33222
     33280
     33216
     33388
     33166
     33828
     34106
     34112
     34408
     34684
     34645
     34965
     35143
     35338
     35463
     36167
     36220
     36161
     36170
     36603
     36570
     37129
     36431
     37118
     37146
     37504
     37340
     37018
     37208
     37249
     37422
     37432
     37484
     37330
     36582
     36829
     37066
     36850
     36887
     36712
     36147
     36495
     36343
     36032
     36200
     35863
     35885
     35458
     35276
     35090
     34964
     35002
     35168
     34817
     34611
     34850
     34118
     34674
     34318
     34021
     34002
     33960
     33473
     33363
     33227
     32995
     33150
     33214
     33124
     32936
     32913
     32857
     32281
     32498
     32574
     32010
     32201
     31592
     32011
     31795
     31512
     31712
     31399
     31365
     31204
     31256
     31063
     30609
     31110
     31010
     30664
     30524
     30407
     30513
     30296
     30366
     29917
     30389
     29975
     29478
     29945
     29589
     29481
     29325
     29087
     29361
     29300
     29042
     29091
     28826
     29057
     28947
     28628
     28348
     28606
     28499
     28372
     28593
     28166
     28242
     27848
     27631
     27946
     27910
     27738
     27494
     27427
     27548
     27443
     27308
     27107
     26920
     27094
     26925
     26522
     26724
     26697
     26322
     26600
     26400
     26468
     26327
     26246
     26026
     26143
     26291
     25945
     25412
     25796
     25601
     25635
     25511
     25580
     25174
     25596
     25522
     24930
     25223
     24951
     24982
     25017
     24853
     24765
     24537
     24321
     24757
     24591
     24402
     24361
     24398
     24166
     24021
     23951
     24006
     23800
     23894
     23601
     23689
     23978
     23693
     23804
     23733
     23759
     23610
     23415
     23292
     23392
     23231
     23029
     22953
     22989
     23124
     22921
     22892
     22838
     23020
     22786
     22943
     22766
     22639
     22663
     22667
     22669
     22357
     22270
     22355
     22263
     22443
     22265
     22228
     22086
     21945
     21763
     22226
     21833
     21724
     21973
     21768
     21730
     21640
     21744
     21539
     21538
     21497
     21444
     21312
     21260
     21509
     20987
     21401
     21337
     21289
     21031
     21306
     21086
     21138
     21032
     20931
     20962
     20900
     20743
     20746
     20559
     20773
     20503
     20725
     20871
     20280
     20496
     20412
     20272
     20386
     20399
     20143
     20422
     20187
     20400
     20176
     20024
     20015
     20098
     20023
     20115
     19776
     19999
     20088
     19958
     19839
     19722
     19710
     19767
     19803
     19616
     19737
     19691
     19421
     19615
     19357
     19422
     19298
     19492
     19660
     19297
     19636
     19097
     19229
     19501
     19337
     19257
     19533
     19216
     19346
     19239
     19129
     18936
     19218
     19116
     19005
     18947
     19037
     18917
     19132
     19396
     18908
     19056
     18624
     19190
     19015
     19230
     18750
     18893
     19027
     18853
     19016
     18759
     18740
     18923
     18408
     18720
     18585
     18748
     18423
     18530
     18784
     18501
     18320
     18372
     18480
     18335
     18471
     18261
     18272
     18239
     18135
     18290
     18119
     17886
     18174
     18175
     17997
     17930
     18271
     18031
     17732
     17768
     17544
     17621
     17841
     17638
     17687
     17499
     17536
     17860
     17661
     17527
     17909
     17244
     17518
     17408
     17494
     17395
     17588
     17515
     17215
     17459
     17131
     17146
     17362
     17481
     16952
     17143
     17340
     16895
     17178
     17174
     17070
     17243
     17238
     17069
     17184
     16876
     17085
     16980
     16846
     16894
     16804
     17103
     16899
     16866
     16898
     17010
     16852
     16882
     16894
     16955
     17097
     16679
     16842
     16924
     16872
     16791
     16511
     16843
     16690
     16874
     16573
     16566
     16617
     16639
     16741
     16444
     16515
     16652
     16910
     16582
     16807
     16547
     16748
     16391
     16473
     16498
     16658
     16494
     16474
     16471
     16473
     16645
     16389
     16344
     16542
     16322
     16463
     16323
     16498
     16370
     16271
     16559
     16270
     16430
     16335
     16451
     16271
     16260
     16362
     16248
     16139
     16344
     16313
     16333
     16168
     16085
     16124
     16486
     16191
     16134
     16194
     16338
     16165
     16106
     16277
     16294
     16137
     16031
     16279
     16160
     16203
     16395
     16167
     16063
     16199
     16132
     15982
     16017
     15992
     15857
     16191
     16130
     16105
     16059
     16142
     16026
     15903
     16101
     15848
     16193
     15977
     15854
     16054
     16172
     15887
     15784
     15883
     15931
     15767
     15861
     15966
     15876
     15918
     15867
     15775
     15697
     15830
     15811
     15582
     15753
     15872
     15653
     15726
     15856
     15734
     15595
     15829
     15733
     15868
     15677
     15600
     15867
     15697
     15802
     15461
     15655
     15779
     15689
     15884
     15777
     15793
     15494
     15780
     15571
     15479
     15857
     15437
     15438
     15699
     15657
     15633
     15624
     15607
     15815
     15546
     15711
     15655
     15656
     15711
     15762
     15799
     15577
     15657
     15556
     15644
     15563
     15609
     15318
     15563
     15957
     15401
     15728
     15601
     15675
     15533
     15639
     15687
     15684
     15569
     15592
     15544
     15652
     15331
     15643
     15463
     15600
     15420
     15797
     15567
     15702
     15465
     15774
     15510
     15568
     15629
     15544
     15668
     15477
     15547
     15604
     15600
     15748
     15510
     15727
     15634
     15421
     15477
     15491
     15570
     15689
     15748
     15643
     15890
     15959
     15640
     15881
     15681
     15869
     15627
     15899
     15756
     15778
     15825
     15670
     15890
     15803
     15747
     15796
     15924
     15804
     16014
     15985
     16104
     16066
     15840
     15973
     15898
     15980
     15753
     15952
     15924
     15605
     15779
     15850
     15814
     16009
     16132
     15962
     15969
     15857
     15999
     15900
     16046
     15838
     15926
     16110
     16132
     16055
     15912
     15790
     15878
     15989
     15960
     15849
     16009
     15871
     16061
     16045
     16098
     16187
     15867
     15880
     16010
     16101
     15979
     16025
     16076
     16064
     16198
     16055
     16106
     15981
     15896
     15787
     15990
     16239
     15958
     15781
     15929
     16026
     15817
     15783
     16107
     15887
     15905
     15956
     16030
     15925
     16011
     16033
     16298
     15986
     15807
     16074
     16116
     16301
     15978
     16131
     16059
     16089
     16264
     16266
     15975
     16271
     16333
     16099
     16120
     15986
     16110
     16061
     16331
     16359
     16106
     16205
     16050
     16062
     16164
     16245
     16158
     16071
     16155
     16134
     15975
     16149
     16146
     16248
     16106
     15978
     15933
     16071
     15843
     16286
     16048
     15926
     16109
     15854
     15858
     15831
     16138
     16069
     15779
     15620
     15872
     15711
     15829
     15519
     15578
     15409
     15620
     15570
     15430
     15517
     15568
     15071
     15162
     14980
     14950
     15109
     15088
     14720
     14741
     14702
     14953
     14697
     14631
     14589
     14337
     14392
     14056
     14375
     14099
     13955
     14168
     13992
     14006
     13796
     13801
     13744
     13750
     13636
     13448
     13497
     13356
     13327
     13159
     13114
     13104
     12982
     13173
     13014
     12764
     12821
     12755
     12785
     12596
     12363
     12353
     12489
     12210
     12111
     11974
     12207
     12131
     12189
     11861
     11998
     11833
     11891
     11812
     11646
     11948
     11726
     11577
     11469
     11447
     11745
     11574
     11361
     11546
     11269
     11584
     11317
     11306
     11277
     11400
     11399
     11191
     11416
     11301
     11213
     11182
     11102
     10974
     11017
     10907
     10966
     11049
     11174
     10978
     10975
     10910
     11006
     10771
     11091
     10883
     10970
     11054
     10941
     10964
     10767
     10825
     10599
     10713
     10818
     10682
     10929
     10634
     10741
     10753
     10659
     10710
     10771
     10722
     10615
     10796
     10637
     10618
     10631
     10344
     10733
     10606
     10702
     10548
     10620
     10615
     10559
     10707
     10574
     10610
     10419
     10515
     10552
     10727
     10431
     10748
     10564
     10647
     10458
     10732
     10586
     10595
     10540
     10600
     10586
     10679
     10801
     10888
     10895
     10842
     11035
     11077
     11091
     11120
     11441
     11504
     11381
     11814
     11660
     11829
     11928
     12288
     12389
     12585
     12451
     12685
     13011
     13276
     13469
     13623
     14079
     14230
     14682
     15090
     15433
     15528
     15832
     16215
     16546
     17054
     17483
     18002
     18313
     18805
     19491
     19964
     20331
     21028
     21302
     21961
     22662
     23254
     23910
     24215
     25012
     25676
     26106
     26525
     27648
     28416
     28577
     29282
     29928
     30567
     31164
     31939
     32508
     33583
     34136
     34175
     35166
     35365
     36306
     36975
     37141
     37664
     38208
     38546
     38415
     39790
     39725
     40214
     40916
     40882
     41147
     41366
     42013
     42092
     41795
     42059
     42240
     42035
     42028
     42434
     42120
     41946
     41741
     41532
     41255
     41182
     40489
     40517
     40160
     39348
     39232
     38843
     38249
     37696
     36940
     36542
     35991
     35370
     34746
     33927
     33669
     32957
     31665
     31611
     30683
     30245
     29102
     28476
     27713
     27085
     26499
     25110
     24454
     23979
     23152
     22841
     21839
     20860
     20246
     19384
     19008
     18380
     17471
     16955
     16545
     15836
     15170
     14503
     14038
     13397
     12928
     12358
     11952
     11418
     10966
     10505
     10208
      9730
      9454
      9111
      8711
      8302
      8141
      7744
      7470
      7132
      6963
      6910
      6684
      6454
      6348
      6253
      6093
      6071
      5911
      5981
      5917
      5728
      5824
      5862
      5934
      6070
      6045
      6019
      6190
      6295
      6531
      6601
      6705
      7019
      7124
      7234
      7689
      8049
      8176
      8471
      8682
      8758
      9349
      9710
     10126
     10281
     10623
     11290
     11576
     11865
     12262
     12755
     13201
     13737
     14223
     14838
     15118
     15653
     15951
     16780
     17076
     17708
     18121
     19065
     19186
     19943
     20512
     20995
     21604
     22313
     22731
     23275
     23774
     24420
     25002
     25334
     25807
     26458
     27117
     27441
     27897
     28347
     28685
     29305
     29851
     30211
     30320
     30656
     30984
     31429
     31765
     31934
     32113
     32370
     32710
     32910
     32971
     33304
     33341
     33446
     33323
     33133
     33213
     33367
     32812
     33303
     33227
     32548
     32834
     32460
     32123
     32035
     31827
     31603
     31421
     30711
     30544
     30187
     29492
     29347
     28949
     28443
     27913
     27519
     27082
     26598
     25950
     25360
     24769
     24487
     24189
     23308
     22638
     22175
     21825
     20911
     20233
     19855
     19359
     19069
     18067
     17372
     16981
     16467
     16004
     15329
     14779
     14138
     13792
     13201
     12571
     12211
     11689
     11367
     10694
     10212
      9980
      9347
      9112
      8706
      8245
      7795
      7424
      7106
      6699
      6447
      6150
      5728
      5500
      5156
      4873
      4663
      4239
      4186
      3863
      3731
      3460
      3281
      3162
      2871
      2787
      2535
      2437
      2263
      2021
      1860
      1801
      1735
      1548
      1530
      1324
      1281
      1173
      1090
      1065
      1002
       897
       867
       796
       733
       686
       627
       590
       517
       539
       475
       410
       398
       357
       346
       318
       324
       266
       227
       222
       238
       227
       200
       184
       169
       168
       142
       160
       144
       142
       108
       113
        91
       115
       110
        80
       104
        90
        97
        82
        79
        82
        79
        65
        68
        75
        67
        72
        85
        72
        52
        55
        70
        78
        61
        55
        76
        70
        63
        58
        62
        51
        51
        50
        60
        55
        64
        63
        59
        59
        43
        53
        60
        66
        48
        57
        62
        66
        51
        57
        58
        62
        67
        59
        62
        50
        58
        61
        54
        45
        41
        56
        57
        53
        57
        56
        41
        56
        53
        73
        55
        60
        64
        43
        61
        57
        68
        60
        57
        55
        61
        61
        52
        58
        41
        57
        47
        57
        39
        55
        55
        49
        61
        46
        53
        54
        52
        64
        58
        61
        57
        49
        60
        50
        43
        55
        55
        53
        61
        47
        55
        41
        59
        59
        42
        46
        47
        46
        53
        57
        36
        34
        44
        66
        60
        44
        55
        55
        42
        56
        48
        46
        56
        80
        52
        55
        54
        45
        52
        46
        58
        49
        48
        49
        47
        57
        54
        63
        48
        46
        49
        50
        40
        50
        39
        68
        53
        42
        48
        43
        37
        45
        39
        65
        43
        59
        55
        57
        37
        44
        52
        41
        31
        45
        46
        57
        46
        53
        45
        44
        39
        34
        43
        33
        36
        45
        46
        57
        41
        41
        36
        43
        37
        37
        55
        48
        38
        36
        36
        36
        46
        43
        40
        37
        46
        50
        33
        41
        36
        41
        45
        42
        47
        35
        40
        36
        54
        47
        41
        38
        49
        43
        38
        50
        42
        49
        40
        33
        34
        49
        40
        50
        43
        42
        44
        40
        40
        38
        40
        49
        41
        41
        39
        36
        51
        35
        37
        40
        42
        40
        48
        43
        38
        34
        41
        35
        30
        31
        33
        51
        38
        43
        36
        45
        34
        35
        43
        32
        37
        46
        47
        41
        39
        38
        34
        32
        35
        39
        26
        31
        41
        39
        26
        34
        40
        36
        32
        36
        42
        37
        30
        31
        31
        40
        31
        30
        39
        29
        32
        27
        31
        30
        42
        32
        32
        33
        27
        37
        38
        36
        44
        31
        36
        41
        40
        31
        32
        38
        39
        32
        37
        36
        34
        29
        33
        27
        37
        43
        39
        34
        41
        25
        30
        27
        31
        31
        25
        23
        41
        32
        52
        28
        33
        33
        31
        33
        35
        41
        30
        34
        31
        36
        41
        30
        34
        30
        33
        29
        37
        27
        35
        34
        35
        33
        30
        34
        26
        20
        38
        23
        35
        34
        36
        37
        35
        37
        25
        25
        29
        35
        29
        20
        28
        26
        28
        25
        24
        25
        34
        40
        31
        26
        25
        26
        40
        30
        30
        33
        24
        49
        26
        40
        26
        39
        38
        23
        24
        26
        30
        26
        39
        38
        21
        32
        31
        30
        23
        34
        36
        30
        21
        22
        23
        21
        34
        29
        32
        16
        29
        37
        24
        21
        34
        25
        25
        32
        40
        27
        32
        23
        32
        30
        27
        32
        23
        28
        30
        26
        32
        26
        19
        33
        42
        26
        24
        36
        26
        23
        39
        36
        30
        32
        24
        37
        27
        36
        27
        23
        33
        29
        23
        26
        24
        25
        26
        26
        29
        20
        23
        31
        28
        29
        26
        18
        19
        26
        25
        28
        29
        25
        28
        15
        32
        27
        24
        27
        34
        29
        28
        23
        23
        29
        38
        16
        30
        28
        24
        24
        20
        32
        32
        21
        35
        33
        24
        24
        24
        31
        32
        20
        27
        20
        28
        20
        35
        22
        27
        26
        33
        23
        34
        34
        24
        31
        30
        25
        20
        30
        28
        30
        25
        32
        14
        39
        22
        25
        23
        27
        34
        20
        21
        22
        29
        32
        19
        24
        16
        19
        22
        28
        24
        29
        30
        30
        22
        22
        17
        28
        28
        23
        32
        26
        37
        18
        31
        29
        29
        29
        19
        28
        25
        28
        27
        25
        24
        35
        17
        24
        22
        20
        18
        16
        20
        24
        18
        33
        30
        25
        15
        24
        16
        28
        14
        24
        24
        14
        14
        20
        24
        20
        20
        28
        20
        27
        23
        22
        21
        27
        25
        22
        22
        26
        20
        30
        28
        21
        27
        20
        19
        21
        25
        24
        24
        23
        22
        29
        14
        26
        28
        30
        25
        17
        23
        17
        14
        12
        28
        19
        19
        21
        16
        22
        28
        24
        16
        24
        29
        26
        20
        14
        20
        18
        24
        17
        20
        21
        17
        25
        30
        23
        16
        19
        22
        18
        23
        22
        29
        27
        16
        21
        28
        16
        28
        29
        26
        22
        23
        23
        24
        28
        14
        19
        32
        19
        18
        23
        20
        18
        19
        31
        19
        23
        24
        21
        20
        16
        34
        20
        19
        26
        21
        15
        22
        20
        24
        17
        36
        22
        19
        20
        21
        20
        13
        26
        17
        22
        20
        22
        27
        19
        21
        22
        16
        11
        29
        22
        23
        14
        22
        24
        37
        21
        27
        19
        23
        26
        11
        20
        17
        28
        22
        20
        23
        26
        17
        15
        19
        18
        16
        24
        15
        25
        17
        19
        17
        27
        32
        24
        12
        20
        21
        16
        20
        22
        17
        22
        16
        17
        16
        22
        20
        15
        15
        22
        22
        23
        21
        19
        24
        29
        17
        16
        15
        18
        17
        23
        13
        19
        17
        16
        15
        18
        17
        18
        18
        22
        16
        17
        18
        21
         9
        13
        23
        17
        19
        18
        16
        20
        15
        10
         9
        11
        17
        21
        17
        20
        17
        23
        20
        11
        15
        15
        18
        20
        12
        14
        26
        15
        14
        16
        19
        17
        18
        16
        10
        10
        12
        18
        14
         8
        11
        13
        17
        10
        12
        20
        16
        13
         8
        17
        12
        11
        14
        13
        10
         7
        11
         5
        15
        15
        12
        11
         8
        13
        12
         9
         9
        12
        16
         7
         9
        11
         4
        11
        15
        11
         8
        14
         8
        16
         7
         5
         9
         7
         7
         9
         8
        11
        11
         5
         9
         9
         7
        12
        12
         7
         4
         9
        12
         7
         4
         7
        12
         4
         9
        10
        13
        12
         9
         4
         5
         8
         5
         9
        12
         5
         8
         8
         8
         8
        10
        11
         7
         7
        12
         7
        11
         3
         7
         9
         3
         3
        11
        17
         9
         9
         6
        12
         7
        11
        17
        18
         9
        10
        13
         9
         9
         8
        17
         6
         8
        11
         9
         4
        13
        11
        14
         8
        14
         8
         7
         5
        10
        13
        16
        18
        12
        16
        13
        19
        11
        18
        13
        13
        18
         9
        24
        15
        20
        19
        27
        20
        19
        17
        31
        19
        19
        13
        21
        22
        18
        10
        19
        15
        17
        21
        22
        22
        23
        22
        34
        29
        28
        21
        10
        27
        32
        19
        24
        20
        29
        27
        24
        26
        23
        28
        31
        29
        29
        26
        26
        17
        30
        26
        29
        23
        33
        35
        31
        29
        34
        35
        36
        27
        25
        28
        31
        35
        27
        26
        42
        33
        28
        39
        26
        36
        25
        26
        24
        24
        34
        39
        29
        27
        29
        35
        30
        24
        32
        19
        30
        19
        29
        23
        39
        37
        24
        23
        31
        22
        23
        26
        21
        17
        23
        21
        24
        17
        23
        23
        20
        18
        17
        23
        17
        18
        21
        21
        21
        16
        14
        16
        19
        20
        21
        11
        13
        13
        16
        11
        14
        18
        19
        17
        10
        13
        18
        16
        19
        12
        13
        12
        14
        11
        12
         9
        11
        13
         9
         7
         6
         6
         5
         5
         6
        15
         5
         4
         4
         5
         8
         6
         4
         4
         6
         7
         5
         2
         4
         5
         4
         4
         4
         4
         4
         5
         2
         5
         0
         2
         6
         3
         1
         3
         3
         4
         2
         4
         1
         0
         0
         0
         1
         2
         0
         0
         1
         2
         2
         1
         2
         2
         1
         0
         2
         2
         2
         1
         0
         0
         0
         0
         1
         1
         0
         0
         1
         1
         0
         0
         0
         0
         0
         0
         0
         1
         0
         0
         1
         1
         0
         0
         0
         0
         0
         0
         0
         0
         0
         0
         0
         0
         0
         0
         0
         0
         0
         0
         0
         0
         0
         0
         0
         0
         0
         0
         0
         0
         0
         0
         0
         0
         0
         0
         0
         0
         0
         0
         0
         0
         0
         0
         0
         0
         0
         0
         0
         0
         0
         0
         0
         0
         0
         0
         0
         0
         0
         0
         0
         0
         0
         0
         0
         0
         0
         0
         0
         0
         0
         0
         0
         0
         0
         0
         0
         0
         0
         0
         0
         0
         0
         0
         0
         0
         0
         0
         0
         0
         0
         0
         0
         0
         0
         0
         0
         0
         0
         0
         0
         0
         0
         0
         0
         0
         0
         0
         0
         0
         0
         0
         0
         0
         0
         0
         0
         0
         0
         0
         0
         0
         0
         0
         0
         0
         0
         0
         0
         0
         0
         0
         0
         0
         0
         0
         0
         0
         0
         0
         0
         0
         0
         0
         0
         0
         0
         0
         0
         0
         0
         0
         0
         0
         0
         0
         0
         0
         0
         0
         0
         0
         0
         0
         0
         0
         0
         0
         0
         0
         0
         0
         0
         0
         0
         0
         0
         0
         0
         0
         0
         0
         0
         0
         0
         0
         0
         0
         0
         0
         0
         0
         0
         0
         0
         0
         0
         0
         0
         0
         0
         0
         0
         0
         0
         0
         0
         0
         0
         0
         0
         0
         0
         0
         0
         0
         0
         0
         0
         0
         0
         0
         0
         0
         0
         0
         0
         0
         0
         0
         0
         0
         0
         0
         0
         0
         0
         0
         0
         0
         0
         0
         0
         0
         0
         0
         0
         0
         0
         0
         0
         0
         0
         0
         0
         0
         0
         0
         0
         0
         0
         0
         0
         0
         0
         0
         0
         0
         0
         0
         0
         0
         0
         0
         0
         0
         0
         0
         0
         0
         0
         0
         0
         0
         0
         0
         0
         0
         0
         0
         0
         0
         0
         0
         0
         0
         0
         0
         0
         0
         0
         0
         0
         0
         0
         0
         0
         0
         0
         0
         0
         0
         0
         0
         0
         0
         0
         0
         0
         0
         0
         0
         0
         0
         0
         0
         0
         0
         0
         0
         0
         0
         0
         0
         0
         0
