         0
         0
         0
         0
         0
         0
         0
         0
         0
         0
     14673
     14961
     14973
     15026
     15433
     15393
     15453
     15369
     15333
     15706
     15479
     15417
     15711
     15682
     15566
     15620
     15628
     15729
     15901
     15579
     16051
     15691
     15818
     15752
     16192
     16109
     16008
     16047
     16154
     15883
     15889
     16227
     16302
     16113
     16150
     16040
     16073
     16312
     16179
     16215
     16004
     16008
     16299
     15983
     16221
     16192
     16323
     16265
     16303
     16104
     16261
     16279
     16607
     16394
     16574
     16742
     16665
     16809
     16882
     16660
     16928
     17198
     17324
     17439
     17396
     17489
     17460
     17814
     17840
     18090
     17850
     18073
     18359
     18783
     18679
     19079
     18992
     19413
     19552
     19785
     19991
     20489
     20577
     20671
     20790
     21104
     21305
     21434
     21626
     22065
     22203
     22239
     22966
     22842
     23347
     23757
     23906
     24011
     24419
     24763
     24979
     25309
     25539
     25891
     26222
     26634
     27156
     27108
     27680
     27607
     27793
     28294
     28396
     28981
     28846
     29494
     29743
     29793
     30160
     30310
     31091
     30589
     30955
     31242
     31146
     31250
     31208
     31930
     32036
     32240
     32102
     32115
     32192
     32668
     32155
     32625
     32492
     32842
     33109
     33057
     33263
     33072
     33314
     33025
     33811
     33704
     33394
     33455
     33326
     33870
     33812
     33279
     33436
     33781
     33825
     33786
     33747
     33650
     33474
     33771
     33892
     33655
     33978
     33732
     33635
     34165
     33916
     33796
     34064
     34379
     33911
     33867
     33912
     33971
     34358
     34086
     34089
     34337
     34240
     34434
     34286
     34481
     34556
     34389
     34629
     34561
     34816
     35032
     34952
     35023
     35439
     35378
     35534
     35972
     35823
     36133
     36329
     36789
     36579
     36519
     37054
     37315
     37355
     37494
     37388
     37415
     37861
     38067
     37786
     37713
     37779
     38521
     38092
     38169
     38052
     38389
     38217
     38334
     38282
     37885
     37597
     37904
     37980
     37463
     37484
     37496
     37419
     37260
     36618
     37068
     37080
     36461
     36924
     36335
     36395
     36272
     35987
     35763
     35814
     35969
     35410
     35343
     35063
     34971
     34800
     35105
     34431
     34748
     34428
     34130
     34124
     34129
     33599
     33872
     33965
     33421
     33603
     33510
     33101
     32962
     32863
     33114
     32840
     32365
     32736
     32467
     32571
     32313
     32060
     31968
     31908
     32245
     31584
     31849
     31822
     31340
     31322
     31329
     31379
     30847
     30901
     30693
     30715
     30800
     30772
     30594
     30516
     30232
     30046
     30081
     30164
     30080
     30162
     29769
     30003
     29926
     29478
     29617
     29306
     29344
     29067
     28948
     28948
     29019
     28927
     28672
     28906
     28505
     28481
     28203
     28413
     28255
     27933
     27995
     27761
     27606
     27967
     27702
     27286
     27473
     27701
     27104
     27109
     27073
     27132
     27021
     27104
     26988
     26671
     26679
     26918
     26749
     26248
     26637
     26254
     26381
     26415
     26016
     26053
     25553
     25762
     26046
     26052
     25717
     25986
     25496
     25108
     25604
     25214
     25359
     25115
     24881
     25023
     25179
     25049
     25014
     24921
     24659
     24404
     24677
     24472
     24633
     24341
     24417
     24269
     24097
     24147
     24167
     24243
     24092
     23950
     23898
     23686
     23876
     23894
     23898
     23604
     23853
     23581
     23612
     23497
     23255
     23146
     23528
     23280
     23029
     23265
     22995
     22978
     22796
     22845
     22829
     22697
     22565
     22489
     22477
     22326
     22502
     22544
     22134
     21952
     22380
     22081
     22421
     22297
     22119
     22116
     21792
     22254
     21939
     21852
     21941
     21861
     21645
     21884
     21425
     21642
     21512
     21399
     21333
     21506
     21198
     21680
     21402
     21276
     21022
     20887
     21235
     20795
     21116
     21003
     21167
     20597
     20950
     20985
     20884
     20764
     20789
     20527
     20259
     20561
     20398
     20371
     20341
     20156
     20175
     20071
     20332
     20335
     20410
     19959
     20221
     20210
     19926
     19965
     20092
     19955
     19584
     19686
     19832
     20122
     19764
     19572
     19603
     19788
     19739
     19607
     19464
     19695
     19657
     19440
     19638
     19455
     19376
     19426
     19694
     19470
     19306
     19361
     19238
     19770
     19230
     19348
     19062
     19331
     19271
     19056
     19236
     19376
     19206
     19343
     19232
     18993
     19194
     18723
     18884
     19077
     18885
     19097
     18829
     18843
     18934
     19133
     18925
     18696
     18873
     18780
     18786
     18919
     18513
     18423
     18564
     18293
     18598
     18456
     18546
     18595
     18115
     18261
     18046
     18336
     18267
     18320
     17882
     18062
     18033
     17916
     18008
     17863
     17655
     17803
     17808
     17798
     17549
     17537
     17675
     17375
     17765
     17509
     17706
     17398
     17361
     17523
     17633
     17761
     17621
     17402
     17347
     17232
     17515
     17320
     17374
     17446
     17533
     17266
     17213
     17165
     17186
     17230
     17180
     17111
     16964
     17136
     17055
     17149
     17330
     17133
     16835
     17043
     16952
     17065
     16952
     16813
     16951
     16891
     16832
     16819
     16828
     16762
     16810
     16812
     16680
     16726
     16694
     16646
     16518
     16609
     16630
     16862
     16920
     16780
     16770
     16654
     16657
     16541
     16580
     16551
     16585
     16499
     16536
     16443
     16423
     16297
     16293
     16429
     16617
     16411
     16244
     16400
     16287
     16468
     16484
     16612
     16293
     16360
     16362
     16356
     16118
     16386
     16286
     16215
     16247
     16326
     16347
     16068
     16082
     16254
     16354
     16007
     16259
     16144
     16065
     16185
     16236
     16105
     16101
     16135
     16084
     15965
     16178
     16158
     16183
     16214
     15999
     16073
     16111
     15946
     15946
     15928
     16005
     16052
     16135
     16047
     16111
     15986
     15907
     16039
     15937
     15967
     15683
     15827
     15781
     15871
     15662
     15666
     15753
     15605
     15818
     15806
     15837
     15710
     15693
     15765
     15818
     15601
     15574
     15660
     15651
     15752
     15509
     15564
     15713
     15489
     15600
     15741
     15596
     15620
     15796
     15556
     15716
     15313
     15509
     15571
     15396
     15335
     15458
     15480
     15607
     15483
     15546
     15419
     15464
     15668
     15357
     15348
     15371
     15379
     15527
     15462
     15542
     15386
     15365
     15330
     15271
     15528
     15410
     15211
     15378
     15321
     15256
     15531
     15248
     15251
     15603
     15265
     15268
     15250
     15461
     15491
     15408
     15256
     15413
     15310
     15284
     15241
     15347
     15370
     15496
     15316
     15250
     15214
     15276
     15299
     15172
     15229
     15239
     15217
     15134
     15334
     15381
     15187
     15147
     15036
     15194
     15251
     15300
     15299
     15064
     15116
     15366
     15175
     15408
     15298
     15164
     15371
     15370
     15466
     15262
     15247
     15180
     15088
     15137
     15056
     15276
     15350
     15393
     15273
     15446
     15303
     15301
     15194
     15189
     15398
     15291
     15200
     15191
     15314
     15196
     15482
     15131
     15243
     15456
     15217
     15341
     15192
     15543
     15304
     15259
     15425
     15317
     15335
     15555
     15231
     15160
     15518
     15299
     15389
     15384
     15439
     15210
     15454
     15259
     15386
     15331
     15581
     15519
     15320
     15250
     15500
     15248
     15394
     15436
     15485
     15363
     15337
     15334
     15456
     15467
     15808
     15470
     15495
     15601
     15452
     15203
     15314
     15363
     15653
     15257
     15544
     15269
     15427
     15482
     15363
     15368
     15554
     15459
     15490
     15446
     15408
     15637
     15123
     15396
     15549
     15456
     15489
     15450
     15490
     15256
     15300
     15496
     15505
     15412
     15550
     15564
     15472
     15397
     15539
     15320
     15554
     15669
     15330
     15289
     15385
     15513
     15373
     15528
     15528
     15483
     15547
     15683
     15499
     15437
     15450
     15373
     15447
     15731
     15580
     15629
     15591
     15434
     15490
     15589
     15700
     15411
     15472
     15568
     15409
     15658
     15393
     15477
     15656
     15641
     15289
     15494
     15689
     15367
     15407
     15448
     15614
     15340
     15302
     15273
     15356
     15306
     15190
     15291
     15246
     15459
     15186
     15106
     15208
     15104
     15003
     15213
     14965
     15329
     14901
     15046
     14955
     14803
     14634
     14888
     14735
     14677
     14740
     14515
     14574
     14576
     14281
     14521
     14354
     14350
     14185
     13932
     14184
     13964
     13918
     13970
     13847
     13791
     13747
     13424
     13301
     13699
     13257
     13420
     13085
     13283
     13308
     13202
     13126
     13045
     12864
     12926
     12683
     12741
     12452
     12618
     12478
     12517
     12278
     12082
     12207
     12095
     12270
     12090
     12244
     12118
     11971
     11729
     11854
     11896
     11756
     11576
     11536
     11586
     11409
     11510
     11311
     11485
     11426
     11287
     11019
     11325
     11249
     11222
     11225
     11001
     11201
     11092
     11138
     10969
     11089
     10865
     10791
     10902
     11034
     10751
     10825
     10868
     10934
     10627
     10888
     10622
     10665
     10725
     10689
     10467
     10589
     10717
     10548
     10767
     10413
     10643
     10669
     10606
     10628
     10586
     10365
     10603
     10635
     10415
     10551
     10513
     10314
     10428
     10434
     10541
     10411
     10484
     10259
     10424
     10392
     10317
     10416
     10305
     10350
     10441
     10266
     10293
     10346
     10223
     10073
     10288
     10081
     10348
     10225
     10143
     10237
     10233
     10182
     10251
     10122
     10277
     10080
     10115
     10008
     10211
     10307
     10193
     10224
     10265
     10371
     10271
     10428
     10616
     10244
     10311
     10380
     10505
     10502
     10667
     10734
     10722
     10944
     10919
     11060
     11179
     11331
     11364
     11575
     11466
     11693
     11808
     12105
     12340
     12566
     12824
     13060
     12983
     13241
     13644
     13719
     13974
     14565
     14727
     15140
     15594
     15822
     16299
     16597
     17173
     17317
     17769
     18002
     18816
     18967
     19548
     20153
     20578
     21102
     21691
     22329
     22734
     23132
     23537
     24618
     24700
     25681
     26226
     26652
     27379
     28112
     28446
     29257
     29775
     30267
     30892
     31268
     32235
     32245
     32979
     33587
     33691
     34503
     34966
     35545
     36074
     36357
     36527
     37067
     37769
     37689
     37615
     38125
     38353
     38299
     38938
     38483
     38481
     38809
     38942
     39159
     39061
     38535
     38933
     38818
     38547
     38230
     38030
     37638
     37259
     36921
     36915
     36195
     36020
     35335
     34869
     34345
     33861
     33451
     32635
     32391
     31432
     30934
     29967
     29704
     29012
     28429
     27389
     26911
     26581
     25455
     25153
     24298
     23739
     22695
     22144
     21484
     20772
     20122
     19585
     18961
     18251
     17528
     16769
     16309
     15817
     15064
     14813
     14151
     13736
     13016
     12392
     11865
     11629
     11067
     10559
     10238
      9895
      9403
      9029
      8895
      8342
      8008
      7890
      7644
      7423
      6879
      6790
      6691
      6436
      6321
      6232
      6090
      5871
      5719
      5735
      5605
      5534
      5559
      5642
      5548
      5571
      5633
      5705
      5727
      5857
      6017
      6040
      6189
      6093
      6471
      6595
      6735
      6988
      7096
      7387
      7655
      7953
      8218
      8617
      8701
      8904
      9409
      9656
     10139
     10355
     10746
     11235
     11547
     11928
     12567
     12851
     13225
     13757
     14108
     14556
     15234
     15611
     16038
     16526
     16980
     17295
     17987
     18675
     18905
     19382
     20114
     20635
     21145
     21596
     22059
     22648
     23108
     23491
     24016
     24453
     24773
     25540
     25693
     25974
     26602
     26846
     27550
     27990
     28041
     28455
     28901
     28976
     29340
     29650
     30152
     29910
     29995
     30379
     30539
     30534
     30633
     30351
     30922
     30444
     30642
     30700
     30437
     30605
     30860
     30349
     30282
     29863
     29942
     29901
     29455
     29161
     28888
     28580
     28043
     27680
     27354
     27077
     26616
     26538
     25566
     25399
     25289
     24090
     24194
     23709
     23106
     22508
     22039
     21439
     20922
     20606
     19939
     19566
     18776
     18493
     17637
     17180
     16670
     16337
     15697
     15270
     14745
     14225
     13758
     13269
     12700
     12260
     11711
     11362
     10873
     10548
      9820
      9602
      9078
      8721
      8250
      8031
      7661
      7107
      6919
      6485
      6204
      5926
      5600
      5311
      5086
      4789
      4543
      4395
      4012
      3823
      3614
      3441
      3276
      2926
      2743
      2703
      2580
      2291
      2224
      2024
      2011
      1886
      1694
      1605
      1462
      1355
      1329
      1213
      1164
      1023
      1053
       907
       841
       801
       754
       742
       615
       563
       559
       515
       482
       428
       410
       352
       323
       345
       286
       262
       254
       233
       232
       220
       177
       172
       166
       156
       159
       170
       128
       134
       104
       110
       105
       116
        87
        82
        88
        80
        76
        84
        84
        67
        77
        65
        70
        79
        68
        71
        62
        62
        72
        78
        55
        50
        56
        56
        54
        63
        46
        54
        64
        50
        59
        62
        58
        56
        50
        56
        63
        57
        58
        53
        38
        51
        37
        57
        56
        46
        45
        60
        54
        49
        49
        49
        53
        52
        53
        42
        70
        63
        68
        46
        51
        43
        54
        65
        41
        45
        58
        42
        48
        62
        59
        49
        54
        42
        49
        37
        50
        54
        52
        53
        53
        55
        39
        53
        37
        61
        54
        42
        38
        58
        53
        43
        53
        47
        49
        54
        52
        65
        67
        50
        53
        60
        57
        47
        45
        49
        49
        52
        42
        58
        46
        50
        45
        48
        58
        43
        57
        54
        52
        49
        64
        43
        69
        45
        54
        36
        43
        57
        44
        51
        51
        50
        52
        57
        49
        53
        56
        49
        51
        48
        55
        58
        58
        46
        47
        40
        58
        53
        43
        55
        56
        48
        34
        37
        43
        44
        61
        43
        49
        40
        43
        48
        44
        41
        42
        48
        48
        42
        36
        52
        52
        46
        41
        36
        51
        39
        50
        32
        31
        38
        40
        49
        45
        45
        39
        30
        49
        45
        32
        41
        39
        46
        52
        42
        43
        51
        42
        36
        48
        39
        50
        39
        34
        47
        37
        41
        36
        37
        40
        31
        33
        31
        34
        33
        43
        46
        29
        46
        52
        46
        46
        38
        38
        50
        43
        42
        34
        36
        37
        38
        53
        31
        33
        36
        38
        42
        45
        38
        33
        43
        33
        40
        45
        34
        38
        50
        35
        25
        32
        36
        40
        41
        39
        30
        39
        34
        50
        37
        27
        36
        32
        23
        32
        26
        38
        35
        27
        38
        40
        35
        44
        34
        37
        40
        35
        33
        31
        32
        34
        32
        41
        30
        34
        41
        40
        34
        44
        38
        25
        33
        27
        19
        29
        27
        33
        32
        24
        37
        29
        41
        36
        32
        35
        30
        19
        36
        28
        39
        32
        33
        31
        34
        38
        31
        25
        24
        37
        33
        33
        29
        19
        32
        34
        28
        25
        36
        33
        31
        26
        39
        31
        31
        27
        34
        25
        26
        32
        36
        32
        27
        26
        30
        35
        28
        28
        28
        21
        29
        36
        25
        22
        33
        27
        29
        33
        39
        25
        26
        33
        32
        31
        24
        26
        32
        37
        33
        19
        25
        23
        30
        19
        24
        26
        27
        21
        24
        33
        29
        22
        30
        29
        29
        41
        32
        22
        25
        28
        21
        28
        21
        21
        32
        26
        27
        19
        26
        27
        26
        35
        36
        16
        30
        37
        22
        32
        20
        30
        28
        24
        26
        31
        25
        26
        32
        16
        29
        26
        26
        29
        35
        18
        36
        34
        18
        14
        33
        27
        23
        27
        23
        35
        25
        27
        22
        35
        30
        28
        35
        30
        27
        32
        27
        16
        26
        41
        30
        23
        30
        27
        26
        22
        30
        26
        23
        27
        20
        27
        27
        30
        24
        28
        22
        30
        36
        31
        21
        34
        25
        27
        30
        28
        15
        32
        31
        22
        21
        28
        23
        24
        32
        19
        28
        21
        23
        19
        28
        26
        22
        27
        17
        23
        39
        24
        29
        32
        17
        25
        35
        22
        24
        21
        23
        21
        26
        24
        24
        21
        30
        25
        20
        23
        25
        16
        31
        22
        26
        17
        17
        24
        30
        21
        19
        14
        28
        26
        21
        25
        23
        25
        20
        27
        22
        19
        15
        16
        23
        22
        28
        19
        15
        28
        23
        20
        20
        21
        21
        30
        19
        32
        27
        14
        26
        22
        14
        16
        23
        21
        25
        24
        19
        20
        25
        22
        23
        31
        27
        20
        13
        17
        22
        25
        19
        22
        20
        27
        29
        16
        18
        30
        19
        18
        21
        23
        21
        10
        18
        19
        18
        17
        24
        24
        25
        16
        31
        26
        25
        23
        20
        15
        14
        23
        34
        20
        24
        19
        21
        22
        18
        23
        22
        20
        22
        18
        20
        27
        23
        21
        25
        19
        29
        15
        21
        26
        29
        27
        15
        14
        14
        21
        20
        21
        16
        19
        18
        20
        20
        19
        22
        17
        20
        19
        23
        19
        18
        25
        14
        19
        23
        20
        24
        25
        18
         9
        31
        22
        24
        17
        18
        17
        22
        13
        26
        14
        20
        16
        27
        19
        19
        25
        13
        19
        26
        21
        19
        20
        13
        14
        15
        23
        13
        19
        18
        15
        12
        22
        18
        15
        15
        16
        21
        21
        17
        18
        23
        17
        30
        16
        32
        17
        19
        16
        25
        22
        19
        11
        15
        21
        25
        12
        26
        22
        24
        29
        14
        20
        17
        20
        23
        16
        12
        23
        25
        18
        25
        34
        25
        21
        17
        19
        20
        24
        22
        22
        22
        15
        17
        15
        13
        19
        13
        22
        21
        18
        18
        18
        14
        17
        21
        23
        18
        16
        18
        22
        17
        16
        17
        17
        25
        15
        17
        16
        11
        14
        14
        10
        22
        12
        22
        17
        22
        25
        21
        21
        12
        19
        20
        22
        16
        10
        17
        14
        24
        22
        20
        17
         7
        22
        13
        16
        16
        16
        17
        11
        22
        17
        16
        13
        15
        14
        13
        22
        18
        15
        13
        22
        19
        25
        17
        15
        22
        17
        13
        17
        14
        21
        22
        14
        10
        18
        12
        11
        17
        20
        17
        21
        17
        22
        11
        21
        14
        13
        10
        15
        17
        17
        11
        17
        12
        11
         7
        12
         6
        13
        16
        12
        16
         8
        13
        14
        10
         8
        16
        16
        18
        10
        10
         9
        10
         6
        11
         8
        12
        10
        10
         8
         8
        12
        17
         8
         6
        12
        11
         8
        10
        13
         5
         6
         9
         8
        18
         9
        12
        12
         8
         6
        13
        10
         9
         6
         6
         9
         8
         7
         4
         7
        11
         8
        13
         9
         9
         9
         8
         7
         8
         8
        12
        11
         9
         8
         9
         6
         5
         4
         3
         9
        11
         7
         7
         2
         9
         5
         7
         6
        10
         7
         6
         7
         6
         6
         8
         3
         4
         8
        13
         7
         8
         7
         4
         4
        10
         8
         6
        11
         9
         7
         7
         9
         5
        10
         9
         8
         8
         8
         9
        16
        10
         7
         6
        10
         7
         7
         5
        15
         9
        10
        12
         9
         5
        11
         5
        11
        10
        12
         7
         7
        17
        12
        11
         9
        17
        21
        16
        16
        10
        21
        14
        15
        18
        14
        15
        19
        20
        19
        19
        21
        20
        14
        19
        21
        15
        15
        26
        28
        10
        24
        19
        27
        22
        16
        27
        13
        21
        25
        23
        26
        19
        17
        22
        19
        22
        17
        25
        28
        25
        17
        22
        30
        21
        13
        24
        29
        26
        20
        24
        20
        33
        21
        36
        26
        22
        19
        21
        21
        32
        18
        31
        18
        23
        21
        23
        34
        32
        32
        27
        28
        24
        22
        22
        27
        23
        29
        26
        23
        14
        28
        25
        28
        31
        19
        20
        26
        31
        21
        22
        17
        22
        19
        26
        19
        21
        18
        20
        14
        23
        18
        12
        15
        24
        19
         9
        24
        13
        20
        14
        20
        17
        14
        12
        23
        17
        12
        18
        10
        10
        15
        15
        17
         6
        18
         5
        11
        11
         9
        10
        13
        10
         9
        11
         6
        10
         5
         7
         5
         5
         7
         3
        12
         4
         9
         8
         6
         2
         8
         6
         6
         3
         5
         5
         2
         2
         5
         5
         1
         2
         1
         0
         4
         2
         4
         3
         1
         9
         4
         3
         3
         2
         3
         0
         3
         3
         1
         0
         3
         1
         3
         3
         3
         1
         1
         0
         2
         4
         2
         1
         1
         0
         0
         1
         0
         0
         0
         0
         0
         0
         0
         0
         0
         2
         1
         1
         0
         2
         0
         0
         0
         0
         1
         0
         0
         0
         0
         0
         0
         0
         0
         0
         1
         0
         0
         0
         0
         0
         0
         0
         0
         0
         0
         0
         0
         0
         1
         1
         0
         0
         0
         0
         0
         0
         0
         0
         0
         0
         0
         0
         0
         0
         0
         0
         0
         0
         0
         0
         0
         0
         0
         0
         0
         0
         0
         0
         0
         0
         0
         0
         0
         0
         0
         0
         0
         0
         0
         0
         0
         0
         0
         0
         0
         0
         0
         0
         0
         0
         0
         0
         0
         0
         0
         0
         0
         0
         0
         0
         0
         0
         0
         0
         0
         0
         0
         0
         0
         0
         0
         0
         0
         0
         0
         0
         0
         0
         0
         0
         0
         0
         0
         0
         0
         0
         0
         0
         0
         0
         0
         0
         0
         0
         0
         0
         0
         0
         0
         0
         0
         0
         0
         0
         0
         0
         0
         0
         0
         0
         0
         0
         0
         0
         0
         0
         0
         0
         0
         0
         0
         0
         0
         0
         0
         0
         0
         0
         0
         0
         0
         0
         0
         0
         0
         0
         0
         0
         0
         0
         0
         0
         0
         0
         0
         0
         0
         0
         0
         0
         0
         0
         0
         0
         0
         0
         0
         0
         0
         0
         0
         0
         0
         0
         0
         0
         0
         0
         0
         0
         0
         0
         0
         0
         0
         0
         0
         0
         0
         0
         0
         0
         0
         0
         0
         0
         0
         0
         0
         0
         0
         0
         0
         0
         0
         0
         0
         0
         0
         0
         0
         0
         0
         0
         0
         0
         0
         0
         0
         0
         0
         0
         0
         0
         0
         0
         0
         0
         0
         0
         0
         0
         0
         0
         0
         0
         0
         0
         0
         0
         0
         0
         0
         0
         0
         0
         0
         0
         0
         0
         0
         0
         0
         0
         0
         0
         0
         0
         0
         0
         0
         0
         0
         0
         0
         0
         0
         0
         0
         0
         0
         0
         0
         0
         0
         0
         0
         0
         0
         0
         0
         0
         0
         0
         0
         0
         0
         0
         0
         0
         0
         0
         0
         0
         0
         0
         0
         0
         0
         0
         0
         0
         0
         0
         0
         0
         0
         0
         0
         0
         0
         0
         0
         0
         0
         0
         0
         0
         0
         0
         0
         0
         0
         0
         0
         0
         0
         0
         0
         0
         0
