         0
         0
         0
         0
         0
         0
         0
         0
         0
         0
      4119
      4383
      4190
      4471
      4320
      4380
      4343
      4358
      4314
      4354
      4252
      4353
      4382
      4445
      4413
      4392
      4456
      4421
      4431
      4486
      4660
      4414
      4455
      4509
      4522
      4509
      4545
      4644
      4511
      4580
      4585
      4525
      4600
      4526
      4590
      4598
      4559
      4643
      4618
      4676
      4619
      4679
      4625
      4692
      4526
      4765
      4761
      4556
      4676
      4694
      4661
      4639
      4817
      4853
      4715
      4783
      4743
      4730
      4828
      4911
      4901
      4937
      4932
      5033
      5086
      5117
      5079
      5192
      5279
      5265
      5260
      5417
      5406
      5557
      5465
      5753
      5648
      5738
      5904
      5970
      6037
      6064
      6204
      6308
      6302
      6419
      6541
      6720
      6797
      6922
      6828
      7081
      7103
      7301
      7498
      7504
      7588
      7770
      7803
      8005
      8026
      8116
      8255
      8351
      8357
      8652
      8835
      8742
      8923
      9145
      9360
      9048
      9204
      9456
      9544
      9186
      9581
      9663
      9784
      9937
      9913
     10080
     10085
     10108
     10256
     10238
     10164
     10449
     10462
     10474
     10287
     10531
     10541
     10484
     10726
     10580
     10667
     10798
     10648
     11034
     10785
     10827
     10848
     11116
     10988
     11130
     11356
     11087
     11096
     11381
     11263
     11245
     11223
     11327
     11366
     11322
     11443
     11380
     11413
     11481
     11508
     11513
     11833
     11746
     11922
     12073
     12183
     11997
     12213
     12267
     12433
     12436
     12564
     12625
     12559
     12535
     12798
     12750
     13014
     12838
     12920
     12816
     13000
     12752
     13121
     12961
     13109
     12700
     12831
     12959
     12988
     12981
     12900
     12575
     12669
     12705
     12716
     12680
     12607
     12618
     12673
     12610
     12283
     12357
     12247
     12457
     12361
     12319
     12140
     11837
     11857
     12118
     11968
     11923
     11957
     11924
     12067
     11706
     11646
     11707
     11785
     11630
     11458
     11514
     11620
     11391
     11501
     11206
     11527
     11366
     11274
     11046
     11208
     11101
     11285
     11064
     11330
     11028
     11219
     10970
     11001
     11049
     10806
     10806
     10736
     10872
     10604
     10493
     10639
     10499
     10321
     10454
     10439
     10369
     10429
     10304
     10311
     10206
     10398
     10309
     10412
     10248
     10265
     10053
     10227
     10196
     10140
      9980
     10236
      9982
      9919
      9955
      9770
      9897
      9817
      9799
      9844
      9750
      9779
      9682
      9514
      9676
      9672
      9619
      9804
      9792
      9514
      9510
      9582
      9246
      9548
      9283
      9362
      9125
      9381
      9337
      9211
      9245
      9176
      9172
      9207
      9021
      9238
      9005
      9188
      9135
      8942
      9209
      8887
      8826
      8873
      8746
      8840
      8827
      8882
      8675
      8714
      8656
      8848
      8805
      8758
      8640
      8557
      8709
      8564
      8503
      8570
      8491
      8504
      8488
      8474
      8486
      8352
      8368
      8321
      8380
      8233
      8301
      8322
      8206
      8242
      8304
      8276
      8232
      8305
      8200
      8091
      8062
      8062
      7907
      7984
      8070
      8038
      7984
      8073
      7861
      8061
      7841
      7982
      8083
      7899
      7969
      7766
      7785
      7821
      7901
      7836
      7819
      7698
      7821
      7564
      7592
      7658
      7702
      7572
      7475
      7672
      7721
      7573
      7473
      7604
      7526
      7682
      7729
      7674
      7442
      7396
      7444
      7467
      7459
      7551
      7520
      7491
      7345
      7511
      7446
      7347
      7530
      7380
      7462
      7454
      7526
      7343
      7232
      7377
      7439
      7368
      7290
      7439
      7410
      7264
      7332
      7273
      7272
      7109
      7274
      7219
      7248
      7383
      7374
      7241
      7172
      7390
      7264
      7235
      7188
      7233
      7151
      7201
      7033
      7139
      7299
      7174
      7076
      7154
      6973
      7052
      7094
      7063
      6958
      7033
      6933
      6910
      6828
      6938
      6846
      6882
      6786
      6946
      6848
      6701
      6816
      6506
      6476
      6524
      6363
      6525
      6394
      6449
      6200
      6290
      6261
      6132
      5952
      6026
      6007
      5911
      5828
      5753
      5739
      5705
      5640
      5587
      5354
      5517
      5393
      5418
      5432
      5264
      4937
      5178
      5173
      5057
      4955
      4995
      5026
      4865
      4845
      4700
      4678
      4744
      4691
      4673
      4580
      4593
      4553
      4481
      4554
      4495
      4523
      4356
      4519
      4391
      4500
      4367
      4494
      4365
      4355
      4212
      4341
      4159
      4121
      4262
      4175
      4116
      4176
      4239
      4107
      3994
      4127
      4101
      4103
      4050
      4050
      3963
      3973
      4046
      3956
      4035
      4031
      3990
      3941
      3895
      3999
      3988
      3874
      3894
      3963
      3914
      3945
      3854
      3932
      3902
      3932
      3865
      3917
      3750
      3848
      3892
      3788
      3754
      3865
      3845
      3770
      3777
      3835
      3771
      3834
      3775
      3846
      3821
      3788
      3739
      3780
      3687
      3696
      3708
      3830
      3758
      3793
      3729
      3626
      3806
      3682
      3777
      3714
      3687
      3746
      3685
      3726
      3796
      3816
      3749
      3841
      3696
      3853
      3935
      3789
      3967
      3908
      4014
      4008
      4054
      4126
      4212
      4418
      4354
      4502
      4681
      4757
      4811
      5097
      5274
      5527
      5617
      5808
      6307
      6456
      6665
      7075
      7398
      7737
      8224
      8546
      9118
      9560
      9896
     10574
     10972
     11675
     12192
     12766
     13185
     14117
     14714
     15583
     15995
     16801
     17455
     18426
     19141
     19443
     20359
     21144
     21962
     22430
     23083
     23595
     24302
     24833
     25322
     25721
     26408
     26632
     26940
     27522
     27619
     28178
     27782
     28067
     27834
     28205
     28040
     27685
     27639
     27206
     27022
     26597
     26448
     25559
     25382
     24568
     24411
     23660
     22899
     22224
     21669
     20866
     19971
     19278
     18431
     17771
     16819
     15843
     15185
     14546
     13685
     13026
     12310
     11558
     10671
     10223
      9265
      8724
      8060
      7673
      6982
      6550
      5953
      5660
      5106
      4559
      4255
      3865
      3560
      3209
      2900
      2639
      2402
      2139
      1935
      1758
      1447
      1342
      1233
      1065
       948
       835
       740
       665
       598
       516
       438
       385
       325
       293
       242
       237
       174
       165
       138
       110
        93
        82
        61
        59
        52
        46
        46
        24
        25
        21
        29
        12
        14
        10
         8
         0
         8
         8
         1
         4
         1
         3
         3
         1
         0
         0
         0
         2
         0
         2
         0
         1
         0
         0
         0
         0
         0
         0
         0
         0
         0
         0
         0
         0
         0
         0
         0
         0
         0
         0
         0
         1
         0
         0
         0
         1
         0
         0
         0
         0
         0
         0
         0
         0
         0
         0
         0
         0
         0
         0
         0
         0
         0
         0
         0
         0
         0
         0
         0
         0
         0
         0
         0
         0
         0
         0
         0
         0
         0
         0
         0
         0
         0
         0
         1
         0
         0
         0
         0
         0
         0
         0
         0
         0
         0
         0
         0
         0
         0
         0
         0
         0
         0
         0
         0
         0
         0
         0
         0
         0
         0
         0
         0
         0
         0
         0
         0
         0
         0
         0
         0
         0
         0
         0
         0
         0
         0
         0
         0
         0
         0
         0
         0
         0
         0
         0
         0
         0
         0
         0
         0
         0
         0
         0
         0
         0
         0
         0
         0
         0
         0
         0
         0
         0
         0
         0
         0
         0
         0
         0
         0
         0
         0
         0
         0
         0
         0
         0
         0
         0
         0
         0
         0
         0
         0
         0
         0
         0
         0
         0
         0
         0
         0
         0
         0
         0
         0
         0
         0
         0
         0
         0
         0
         0
         0
         0
         0
         0
         0
         0
         0
         0
         0
         0
         0
         0
         0
         0
         0
         0
         0
         0
         0
         0
         0
         0
         0
         0
         0
         0
         0
         0
         0
         0
         0
         0
         0
         0
         0
         0
         0
         0
         0
         0
         0
         0
         0
         0
         0
         0
         0
         0
         0
         0
         0
         0
         0
         0
         0
         0
         0
         0
         0
         0
         0
         0
         0
         0
         0
         0
         0
         0
         0
         0
         0
         0
         0
         0
         0
         0
         0
         0
         0
         0
         0
         0
         0
         0
         0
         0
         0
         0
         0
         0
         0
         0
         0
         0
         0
         0
         0
         0
         0
         0
         0
         0
         0
         0
         0
         0
         0
         0
         0
         0
         0
         0
         0
         0
         0
         0
         0
         0
         0
         0
         0
         0
         0
         0
         0
         0
         0
         0
         0
         0
         0
         0
         0
         0
         0
         0
         0
         0
         0
         0
         0
         0
         0
         0
         0
         0
         0
         0
         0
         0
         0
         0
         0
         0
         0
         0
         0
         0
         0
         0
         0
         0
         0
         0
         0
         0
         0
         0
         0
         0
         0
         0
         0
         0
         0
         0
         0
         0
         0
         0
         0
         0
         0
         0
         0
         0
         0
         0
         0
         0
         0
         0
         0
         0
         0
         0
         0
         0
         0
         0
         0
         0
         0
         0
         0
         0
         0
         0
         0
         0
         0
         0
         0
         0
         0
         0
         0
         0
         0
         0
         0
         0
         0
         0
         0
         0
         0
         0
         0
         0
         0
         0
         0
         0
         0
         0
         0
         0
         0
         0
         0
         0
         0
         0
         0
         0
         0
         0
         0
         0
         0
         0
         0
         0
         0
         0
         0
         0
         0
         0
         0
         0
         0
         0
         0
         0
         0
         0
         0
         0
         0
         0
         0
         0
         0
         0
         0
         0
         0
         0
         0
         0
         0
         0
         0
         0
         0
         0
         0
         0
         0
         0
         0
         0
         0
         0
         0
         0
         0
         0
         0
         0
         0
         0
         0
         0
         0
         0
         0
         0
         0
         0
         0
         0
         0
         0
         0
         0
         0
         0
         0
         0
         0
         0
         0
         0
         0
         0
         0
         0
         0
         0
         0
         0
         0
         0
         0
         0
         0
         0
         0
         0
         0
         0
         0
         0
         0
         0
         0
         0
         0
         0
         0
         0
         0
         0
         0
         0
         0
         0
         0
         0
         0
         0
         0
         0
         0
         0
         0
         0
         0
         0
         0
         0
         0
         0
         0
         0
         0
         0
         0
         0
         0
         0
         0
         0
         0
         0
         0
         0
         0
         0
         0
         0
         0
         0
         0
         0
         0
         0
         0
         0
         0
         0
         0
         0
         0
         0
         0
         0
         0
         0
         0
         0
         0
         0
         0
         0
         0
         0
         0
         0
         0
         0
         0
         0
         0
         0
         0
         0
         0
         0
         0
         0
         0
         0
         0
         0
         0
         0
         0
         0
         0
         0
         0
         0
         0
         0
         0
         0
         0
         0
         0
         0
         0
         0
         0
         0
         0
         0
         0
         0
         0
         0
         0
         0
         0
         0
         0
         0
         0
         0
         0
         0
         0
         0
         0
         0
         0
         0
         0
         0
         0
         0
         0
         0
         0
         0
         0
         0
         0
         0
         0
         0
         0
         0
         0
         0
         0
         0
         0
         0
         0
         0
         0
         0
         0
         0
         0
         0
         0
         0
         0
         0
         0
         0
         0
         0
         0
         0
         0
         0
         0
         0
         0
         0
         0
         0
         0
         0
         0
         0
         0
         0
         0
         0
         0
         0
         0
         0
         0
         0
         0
         0
         0
         0
         0
         0
         0
         0
         0
         0
         0
         0
         0
         0
         0
         0
         0
         0
         0
         0
         0
         0
         0
         0
         0
         0
         0
         0
         0
         0
         0
         0
         0
         0
         0
         0
         0
         0
         0
         0
         0
         0
         0
         0
         0
         0
         0
         0
         0
         0
         0
         0
         0
         0
         0
         0
         0
         0
         0
         0
         0
         0
         0
         0
         0
         0
         0
         0
         0
         0
         0
         0
         0
         0
         0
         0
         0
         0
         0
         0
         0
         0
         0
         0
         0
         0
         0
         0
         0
         0
         0
         0
         0
         0
         0
         0
         0
         0
         0
         0
         0
         0
         0
         0
         0
         0
         0
         0
         0
         0
         0
         0
         0
         0
         0
         0
         0
         0
         0
         0
         0
         0
         0
         0
         0
         0
         0
         0
         0
         0
         0
         0
         0
         0
         0
         0
         0
         0
         0
         0
         0
         0
         0
         0
         0
         0
         0
         0
         0
         0
         0
         0
         0
         0
         0
         0
         0
         0
         0
         0
         0
         0
         0
         0
         0
         0
         0
         0
         0
         0
         0
         0
         0
         0
         0
         0
         0
         0
         0
         0
         0
         0
         0
         0
         0
         0
         0
         0
         0
         0
         0
         0
         0
         0
         0
         0
         0
         0
         0
         0
         0
         0
         0
         0
         0
         0
         0
         0
         0
         0
         0
         0
         0
         0
         0
         0
         0
         0
         0
         0
         0
         0
         0
         0
         0
         0
         0
         0
         0
         0
         0
         0
         0
         0
         0
         0
         0
         0
         0
         0
         0
         0
         0
         0
         0
         0
         0
         0
         0
         0
         0
         0
         0
         0
         0
         0
         0
         0
         0
         0
         0
         0
         0
         0
         0
         0
         0
         0
         0
         0
         0
         0
         0
         0
         0
         0
         0
         0
         0
         0
         0
         0
         0
         0
         0
         0
         0
         0
         0
         0
         0
         0
         0
         0
         0
         0
         0
         0
         0
         0
         0
         0
         0
         0
         0
         0
         0
         0
         0
         0
         0
         0
         0
         0
         0
         0
         0
         0
         0
         0
         0
         0
         0
         0
         0
         0
         0
         0
         0
         0
         0
         0
         0
         0
         0
         0
         0
         0
         0
         0
         0
         0
         0
         0
         0
         0
         0
         0
         0
         0
         0
         0
         0
         0
         0
         0
         0
         0
         0
         0
         0
         0
         0
         0
         0
         0
         0
         0
         0
         0
         0
         0
         0
         0
         0
         0
         0
         0
         0
         0
         0
         0
         0
         0
         0
         0
         0
         0
         0
         0
         0
         0
         0
         0
         0
         0
         0
         0
         0
         0
         0
         0
         0
         0
         0
         0
         0
         0
         0
         0
         0
         0
         0
         0
         0
         0
         0
         0
         0
         0
         0
         0
         0
         0
         0
         0
         0
         0
         0
         0
         0
         0
         0
         0
         0
         0
         0
         0
         0
         0
         0
         0
         0
         0
         0
         0
         0
         0
         0
         0
         0
         0
         0
         0
         0
         0
         0
         0
         0
         0
         0
         0
         0
         0
         0
         0
         0
         0
         0
         0
         0
         0
         0
         0
         0
         0
         0
         0
         0
         0
         0
         0
         0
         0
         0
         0
         0
         0
         0
         0
         0
         0
         0
         0
         0
         0
         0
         0
         0
         0
         0
         0
         0
         0
         0
         0
         0
         0
         0
         0
         0
         0
         0
         0
         0
         0
         0
         0
         0
         0
         0
         0
         0
         0
         0
         0
         0
         0
         0
         0
         0
         0
         0
         0
         0
         0
         0
         0
         0
         0
         0
         0
         0
         0
         0
         0
         0
         0
         0
         0
         0
         0
         0
         0
         0
         0
         0
         0
         0
         0
         0
         0
         0
         0
         0
         0
         0
         0
         0
         0
         0
         0
         0
         0
         0
         0
         0
         0
         0
         0
         0
         0
         0
         0
         0
         0
         0
         0
         0
         0
         0
         0
         0
         0
         0
         0
         0
         0
         0
         0
         0
         0
         0
         0
         0
         0
         0
         0
         0
         0
         0
         0
         0
         0
         0
         0
         0
         0
         0
         0
         0
         0
         0
         0
         0
         0
         0
         0
         0
         0
         0
         0
         0
         0
         0
         0
         0
         0
         0
         0
         0
         0
         0
         0
         0
         0
         0
         0
         0
         0
         0
         0
         0
         0
         0
         0
         0
         0
         0
         0
         0
         0
         0
         0
         0
         0
         0
         0
         0
         0
         0
         0
         0
         0
         0
         0
         0
         0
         0
         0
         0
         0
         0
         0
         0
         0
         0
         0
         0
         0
         0
         0
         0
         0
         0
         0
         0
         0
         0
         0
         0
         0
         0
         0
         0
         0
         0
         0
         0
         0
         0
         0
         0
         0
         0
         0
         0
         0
         0
         0
         0
         0
         0
         0
         0
         0
         0
         0
         0
         0
         0
         0
         0
         0
         0
         0
         0
         0
         0
         0
         0
         0
         0
         0
         0
         0
         0
         0
         0
         0
         0
         0
         0
         0
         0
         0
         0
         0
         0
         0
         0
         0
         0
         0
         0
         0
         0
         0
         0
         0
         0
         0
         0
         0
         0
         0
         0
         0
         0
         0
         0
         0
         0
         0
         0
         0
         0
         0
         0
         0
         0
         0
         0
         0
         0
         0
         0
         0
         0
         0
         0
         0
         0
         0
         0
         0
         0
         0
         0
         0
         0
         0
         0
         0
         0
         0
         0
         0
         0
         0
         0
         0
         0
         0
         0
         0
         0
         0
         0
         0
         0
         0
         0
         0
         0
         0
         0
         0
         0
         0
         0
         0
         0
         0
         0
         0
         0
         0
         0
         0
         0
         0
         0
         0
         0
         0
         0
         0
         0
         0
         0
         0
         0
         0
         0
         0
         0
         0
         0
         0
         0
         0
         0
         0
         0
         0
         0
         0
         0
         0
         0
         0
         0
         0
         0
         0
         0
         0
         0
         0
         0
         0
         0
         0
         0
         0
         0
         0
         0
         0
         0
         0
         0
         0
         0
         0
         0
         0
         0
         0
         0
         0
         0
         0
         0
         0
         0
         0
         0
         0
         0
         0
         0
         0
         0
         0
         0
         0
         0
         0
         0
         0
         0
         0
         0
         0
         0
         0
         0
         0
         0
         0
         0
         0
         0
         0
         0
         0
         0
         0
         0
         0
         0
         0
         0
         0
         0
         0
         0
         0
         0
         0
         0
         0
         0
         0
         0
         0
         0
         0
         0
         0
         0
         0
         0
         0
         0
         0
         0
         0
         0
         0
         0
         0
         0
         0
         0
         0
         0
         0
         0
         0
         0
         0
         0
         0
         0
         0
         0
         0
         0
         0
         0
         0
         0
         0
         0
         0
         0
         0
         0
         0
         0
         0
         0
         0
         0
         0
         0
         0
         0
         0
         0
         0
         0
         0
         0
         0
         0
         0
         0
         0
         0
         0
         0
         0
         0
         0
         0
         0
         0
         0
         0
         0
         0
         0
         0
         0
         0
         0
         0
         0
         0
         0
         0
         0
         0
         0
         0
         0
         0
         0
         0
         0
         0
         0
         0
         0
         0
         0
         0
         0
         0
         0
         0
         0
         0
         0
         0
         0
         0
         0
         0
         0
         0
         0
         0
         0
         0
         0
         0
         0
         0
         0
         0
         0
         0
         0
         0
         0
         0
         0
         0
         0
         0
         0
         0
         0
         0
         0
         0
         0
         0
         0
         0
         0
         0
         0
         0
         0
         0
         0
         0
         0
         0
         0
         0
         0
         0
         0
         0
         0
         0
         0
         0
         0
         0
         0
         0
         0
         0
         0
         0
         0
         0
         0
         0
         0
         0
         0
         0
         0
         0
         0
         0
         0
         0
         0
         0
         0
         0
         0
         0
         0
         0
         0
         0
         0
         0
         0
         0
         0
         0
         0
         0
         0
         0
         0
         0
         0
         0
         0
         0
         0
         0
         0
         0
         0
         0
         0
         0
         0
         0
         0
         0
         0
         0
         0
         0
         0
         0
         0
         0
         0
         0
         0
         0
         0
         0
         0
         0
         0
         0
         0
         0
         0
         0
         0
         0
         0
         0
         0
         0
         0
         0
         0
         0
         0
         0
         0
         0
         0
         0
         0
         0
         0
         0
         0
         0
         0
         0
         0
         0
         0
         0
         0
         0
         0
         0
         0
         0
         0
         0
         0
         0
         0
         0
         0
         0
         0
         0
         0
         0
         0
         0
         0
         0
         0
         0
         0
         0
         0
         0
         0
         0
         0
         0
         0
         0
         0
         0
         0
         0
         0
         0
         0
         0
         0
         0
         0
         0
         0
         0
         0
         0
         0
         0
         0
         0
         0
         0
         0
         0
         0
         0
         0
         0
         0
         0
         0
         0
         0
         0
         0
         0
         0
         0
         0
         0
         0
         0
         0
         0
         0
         0
         0
         0
         0
         0
         0
         0
         0
         0
         0
         0
         0
         0
         0
         0
         0
         0
         0
         0
         0
         0
         0
         0
         0
         0
         0
         0
         0
         0
         0
         0
         0
         0
         0
         0
         0
         0
         0
         0
         0
         0
         0
         0
         0
         0
         0
         0
         0
         0
         0
         0
         0
         0
         0
         0
         0
         0
         0
         0
         0
         0
         0
         0
         0
         0
         0
         0
         0
         0
         0
         0
         0
         0
         0
         0
         0
         0
         0
         0
         0
         0
         0
         0
         0
         0
         0
         0
         0
         0
         0
         0
         0
         0
         0
         0
         0
         0
         0
         0
         0
         0
         0
         0
         0
         0
         0
         0
         0
         0
         0
         0
         0
         0
         0
         0
         0
         0
         0
         0
         0
         0
         0
         0
         0
         0
         0
         0
         0
         0
         0
         0
         0
         0
         0
         0
         0
         0
         0
         0
         0
         0
         0
         0
         0
         0
         0
         0
         0
         0
         0
         0
         0
         0
         0
         0
         0
         0
         0
         0
         0
         0
         0
         0
         0
         0
         0
         0
         0
         0
         0
         0
         0
         0
         0
         0
         0
         0
         0
         0
         0
         0
         0
         0
         0
         0
         0
         0
         0
         0
         0
         0
         0
         0
         0
         0
         0
         0
