         0
         0
         0
         0
         0
         0
         0
         0
         0
         0
      2892
      2913
      2990
      2992
      3009
      3015
      2902
      2868
      2991
      2979
      3017
      3138
      3086
      3029
      3076
      3105
      3095
      3074
      3076
      3122
      3158
      3193
      3066
      3201
      3148
      3163
      3155
      3245
      3379
      3144
      3113
      3217
      3138
      3213
      3228
      3184
      3184
      3096
      3201
      3188
      3154
      3153
      3247
      3201
      3290
      3207
      3186
      3308
      3230
      3282
      3277
      3308
      3352
      3329
      3321
      3347
      3352
      3391
      3362
      3467
      3516
      3443
      3488
      3481
      3565
      3600
      3587
      3673
      3786
      3695
      3888
      3921
      3918
      4011
      3865
      4067
      4061
      4085
      4283
      4433
      4522
      4461
      4463
      4640
      4817
      4749
      4902
      4776
      4888
      5195
      5160
      5231
      5305
      5492
      5449
      5609
      5798
      5856
      5984
      6079
      6051
      6127
      6249
      6441
      6476
      6517
      6655
      6849
      6549
      6947
      6919
      6967
      7219
      7188
      7410
      7345
      7452
      7605
      7551
      7706
      7934
      7692
      7816
      7804
      8033
      7826
      7930
      8131
      8161
      8071
      8052
      8221
      8367
      8338
      8554
      8569
      8545
      8564
      8518
      8680
      8538
      8647
      8684
      8939
      8849
      8801
      8785
      8929
      9063
      8939
      8959
      8943
      9045
      9080
      9101
      9306
      9344
      9168
      9138
      9111
      9235
      9505
      9367
      9578
      9304
      9382
      9538
      9462
      9485
      9438
      9494
      9709
      9582
      9482
      9625
      9587
      9705
      9851
      9845
      9914
      9631
      9641
      9829
      9878
     10014
      9618
      9845
      9850
      9911
      9702
      9691
      9516
      9602
      9608
      9599
      9596
      9726
      9445
      9789
      9504
      9499
      9596
      9673
      9401
      9180
      9393
      9314
      9222
      9357
      9234
      9325
      9313
      9173
      9349
      9229
      9136
      9156
      9274
      9328
      9002
      9173
      8811
      9049
      9000
      9002
      8998
      9069
      8920
      8945
      8989
      8951
      8693
      8748
      8762
      8698
      8668
      8602
      8553
      8672
      8654
      8551
      8535
      8563
      8508
      8480
      8386
      8450
      8477
      8347
      8400
      8475
      8148
      8456
      8291
      8229
      8202
      8250
      8280
      8364
      8253
      8222
      8223
      8117
      8125
      8180
      7983
      8136
      8194
      8119
      8087
      7890
      8098
      7848
      7916
      7800
      7740
      7775
      7752
      7833
      7822
      7577
      7807
      7725
      7789
      7611
      7792
      7660
      7702
      7757
      7595
      7506
      7618
      7541
      7356
      7588
      7466
      7328
      7536
      7412
      7422
      7272
      7460
      7228
      7244
      7261
      7202
      7171
      7294
      7163
      7124
      7184
      7005
      7110
      7056
      7089
      7049
      7043
      6946
      7009
      6953
      6848
      6828
      6643
      6837
      6767
      6867
      6851
      6644
      6811
      6877
      6766
      6850
      6702
      6764
      6820
      6637
      6632
      6704
      6622
      6613
      6605
      6563
      6600
      6429
      6512
      6495
      6563
      6338
      6339
      6325
      6320
      6327
      6330
      6314
      6151
      6158
      6398
      6227
      6201
      6229
      6222
      6109
      6186
      6089
      6116
      6127
      6074
      6068
      6129
      6051
      6128
      6046
      5894
      5961
      5979
      5865
      5955
      5914
      5782
      5926
      5859
      5883
      5878
      5689
      5739
      5741
      5794
      5972
      5771
      5764
      5626
      5744
      5838
      5625
      5679
      5671
      5771
      5552
      5586
      5648
      5574
      5597
      5616
      5484
      5639
      5453
      5522
      5415
      5538
      5551
      5505
      5342
      5502
      5515
      5496
      5363
      5420
      5474
      5279
      5366
      5390
      5341
      5279
      5312
      5403
      5373
      5305
      5160
      5325
      5379
      5407
      5334
      5171
      5322
      5189
      5214
      5149
      5244
      5210
      5133
      5088
      5121
      5141
      5027
      5113
      5052
      4829
      4885
      4998
      4913
      4810
      4747
      4819
      4848
      4866
      4720
      4655
      4645
      4603
      4715
      4702
      4668
      4632
      4467
      4353
      4513
      4544
      4374
      4423
      4526
      4391
      4349
      4250
      4080
      4264
      4183
      4229
      4221
      4059
      4016
      4047
      4006
      3949
      3958
      3846
      3876
      3858
      3784
      3895
      3797
      3747
      3670
      3792
      3713
      3741
      3627
      3715
      3573
      3549
      3571
      3596
      3689
      3587
      3541
      3603
      3526
      3441
      3594
      3428
      3435
      3492
      3461
      3350
      3507
      3442
      3492
      3393
      3311
      3439
      3336
      3439
      3425
      3357
      3293
      3317
      3313
      3295
      3250
      3313
      3268
      3236
      3205
      3273
      3436
      3272
      3184
      3200
      3198
      3240
      3196
      3184
      3167
      3180
      3074
      3224
      3155
      3158
      3077
      3168
      3221
      3107
      3221
      3119
      3041
      3187
      3160
      3068
      3102
      3092
      3054
      3005
      3072
      3143
      3126
      3004
      3068
      2980
      3036
      3002
      3084
      3050
      2927
      2922
      3019
      3023
      2965
      3061
      3021
      3051
      3004
      3000
      2991
      2946
      2975
      3073
      2995
      3010
      3022
      3061
      3009
      3134
      3033
      3151
      3172
      3192
      3181
      3186
      3202
      3369
      3356
      3458
      3454
      3530
      3678
      3867
      4078
      4116
      4153
      4292
      4398
      4506
      4599
      4857
      4998
      5231
      5311
      5564
      5985
      6080
      6417
      6586
      6948
      7105
      7384
      7662
      7968
      8292
      8778
      8993
      9043
      9635
      9757
     10132
     10328
     10640
     11041
     11309
     11548
     11412
     11960
     12267
     12364
     12564
     12797
     12799
     12953
     12960
     13082
     13130
     13149
     13012
     13202
     12994
     12871
     12942
     12829
     12735
     12413
     12127
     12042
     11793
     11315
     11131
     10850
     10560
     10274
      9946
      9434
      9181
      8855
      8422
      8073
      7673
      7260
      7084
      6641
      6323
      6041
      5568
      5192
      4968
      4584
      4410
      3908
      3755
      3435
      3217
      3042
      2640
      2486
      2369
      2166
      1813
      1747
      1611
      1435
      1247
      1101
      1091
       915
       870
       744
       688
       613
       525
       479
       418
       397
       364
       269
       250
       231
       204
       183
       151
       146
       110
        93
        80
        83
        65
        39
        40
        43
        31
        37
        20
        27
        13
        11
        16
        15
         8
         9
         2
         5
         3
         5
         3
         1
         2
         3
         2
         2
         0
         1
         1
         0
         0
         0
         0
         0
         0
         0
         0
         0
         0
         0
         0
         0
         0
         0
         0
         0
         0
         0
         0
         0
         0
         0
         0
         0
         0
         0
         0
         0
         0
         0
         0
         0
         0
         0
         0
         0
         0
         0
         0
         0
         0
         0
         0
         0
         0
         0
         0
         0
         0
         0
         0
         0
         0
         0
         0
         0
         0
         0
         0
         0
         0
         0
         0
         0
         0
         0
         0
         0
         0
         0
         0
         0
         0
         0
         0
         0
         0
         0
         0
         0
         0
         0
         0
         0
         0
         0
         0
         0
         0
         0
         0
         0
         0
         0
         0
         0
         0
         0
         0
         0
         0
         0
         0
         0
         0
         0
         0
         0
         0
         0
         0
         0
         0
         0
         0
         0
         0
         0
         0
         0
         0
         0
         0
         0
         0
         0
         0
         0
         0
         0
         0
         0
         0
         0
         0
         0
         0
         0
         0
         0
         0
         0
         0
         0
         0
         0
         0
         0
         0
         0
         0
         0
         0
         0
         0
         0
         0
         0
         0
         0
         0
         0
         0
         0
         0
         0
         0
         0
         0
         0
         0
         0
         0
         0
         0
         0
         0
         0
         0
         0
         0
         0
         0
         0
         0
         0
         0
         0
         0
         0
         0
         0
         0
         0
         0
         0
         0
         0
         0
         0
         0
         0
         0
         0
         0
         0
         0
         0
         0
         0
         0
         0
         0
         0
         0
         0
         0
         0
         0
         0
         0
         0
         0
         0
         0
         0
         0
         0
         0
         0
         0
         0
         0
         0
         0
         0
         0
         0
         0
         0
         0
         0
         0
         0
         0
         0
         0
         0
         0
         0
         0
         0
         0
         0
         0
         0
         0
         0
         0
         0
         0
         0
         0
         0
         0
         0
         0
         0
         0
         0
         0
         0
         0
         0
         0
         0
         0
         0
         0
         0
         0
         0
         0
         0
         0
         0
         0
         0
         0
         0
         0
         0
         0
         0
         0
         0
         0
         0
         0
         0
         0
         0
         0
         0
         0
         0
         0
         0
         0
         0
         0
         0
         0
         0
         0
         0
         0
         0
         0
         0
         0
         0
         0
         0
         0
         0
         0
         0
         0
         0
         0
         0
         0
         0
         0
         0
         0
         0
         0
         0
         0
         0
         0
         0
         0
         0
         0
         0
         0
         0
         0
         0
         0
         0
         0
         0
         0
         0
         0
         0
         0
         0
         0
         0
         0
         0
         0
         0
         0
         0
         0
         0
         0
         0
         0
         0
         0
         0
         0
         0
         0
         0
         0
         0
         0
         0
         0
         0
         0
         0
         0
         0
         0
         0
         0
         0
         0
         0
         0
         0
         0
         0
         0
         0
         0
         0
         0
         0
         0
         0
         0
         0
         0
         0
         0
         0
         0
         0
         0
         0
         0
         0
         0
         0
         0
         0
         0
         0
         0
         0
         0
         0
         0
         0
         0
         0
         0
         0
         0
         0
         0
         0
         0
         0
         0
         0
         0
         0
         0
         0
         0
         0
         0
         0
         0
         0
         0
         0
         0
         0
         0
         0
         0
         0
         0
         0
         0
         0
         0
         0
         0
         0
         0
         0
         0
         0
         0
         0
         0
         0
         0
         0
         0
         0
         0
         0
         0
         0
         0
         0
         0
         0
         0
         0
         0
         0
         0
         0
         0
         0
         0
         0
         0
         0
         0
         0
         0
         0
         0
         0
         0
         0
         0
         0
         0
         0
         0
         0
         0
         0
         0
         0
         0
         0
         0
         0
         0
         0
         0
         0
         0
         0
         0
         0
         0
         0
         0
         0
         0
         0
         0
         0
         0
         0
         0
         0
         0
         0
         0
         0
         0
         0
         0
         0
         0
         0
         0
         0
         0
         0
         0
         0
         0
         0
         0
         0
         0
         0
         0
         0
         0
         0
         0
         0
         0
         0
         0
         0
         0
         0
         0
         0
         0
         0
         0
         0
         0
         0
         0
         0
         0
         0
         0
         0
         0
         0
         0
         0
         0
         0
         0
         0
         0
         0
         0
         0
         0
         0
         0
         0
         0
         0
         0
         0
         0
         0
         0
         0
         0
         0
         0
         0
         0
         0
         0
         0
         0
         0
         0
         0
         0
         0
         0
         0
         0
         0
         0
         0
         0
         0
         0
         0
         0
         0
         0
         0
         0
         0
         0
         0
         0
         0
         0
         0
         0
         0
         0
         0
         0
         0
         0
         0
         0
         0
         0
         0
         0
         0
         0
         0
         0
         0
         0
         0
         0
         0
         0
         0
         0
         0
         0
         0
         0
         0
         0
         0
         0
         0
         0
         0
         0
         0
         0
         0
         0
         0
         0
         0
         0
         0
         0
         0
         0
         0
         0
         0
         0
         0
         0
         0
         0
         0
         0
         0
         0
         0
         0
         0
         0
         0
         0
         0
         0
         0
         0
         0
         0
         0
         0
         0
         0
         0
         0
         0
         0
         0
         0
         0
         0
         0
         0
         0
         0
         0
         0
         0
         0
         0
         0
         0
         0
         0
         0
         0
         0
         0
         0
         0
         0
         0
         0
         0
         0
         0
         0
         0
         0
         0
         0
         0
         0
         0
         0
         0
         0
         0
         0
         0
         0
         0
         0
         0
         0
         0
         0
         0
         0
         0
         0
         0
         0
         0
         0
         0
         0
         0
         0
         0
         0
         0
         0
         0
         0
         0
         0
         0
         0
         0
         0
         0
         0
         0
         0
         0
         0
         0
         0
         0
         0
         0
         0
         0
         0
         0
         0
         0
         0
         0
         0
         0
         0
         0
         0
         0
         0
         0
         0
         0
         0
         0
         0
         0
         0
         0
         0
         0
         0
         0
         0
         0
         0
         0
         0
         0
         0
         0
         0
         0
         0
         0
         0
         0
         0
         0
         0
         0
         0
         0
         0
         0
         0
         0
         0
         0
         0
         0
         0
         0
         0
         0
         0
         0
         0
         0
         0
         0
         0
         0
         0
         0
         0
         0
         0
         0
         0
         0
         0
         0
         0
         0
         0
         0
         0
         0
         0
         0
         0
         0
         0
         0
         0
         0
         0
         0
         0
         0
         0
         0
         0
         0
         0
         0
         0
         0
         0
         0
         0
         0
         0
         0
         0
         0
         0
         0
         0
         0
         0
         0
         0
         0
         0
         0
         0
         0
         0
         0
         0
         0
         0
         0
         0
         0
         0
         0
         0
         0
         0
         0
         0
         0
         0
         0
         0
         0
         0
         0
         0
         0
         0
         0
         0
         0
         0
         0
         0
         0
         0
         0
         0
         0
         0
         0
         0
         0
         0
         0
         0
         0
         0
         0
         0
         0
         0
         0
         0
         0
         0
         0
         0
         0
         0
         0
         0
         0
         0
         0
         0
         0
         0
         0
         0
         0
         0
         0
         0
         0
         0
         0
         0
         0
         0
         0
         0
         0
         0
         0
         0
         0
         0
         0
         0
         0
         0
         0
         0
         0
         0
         0
         0
         0
         0
         0
         0
         0
         0
         0
         0
         0
         0
         0
         0
         0
         0
         0
         0
         0
         0
         0
         0
         0
         0
         0
         0
         0
         0
         0
         0
         0
         0
         0
         0
         0
         0
         0
         0
         0
         0
         0
         0
         0
         0
         0
         0
         0
         0
         0
         0
         0
         0
         0
         0
         0
         0
         0
         0
         0
         0
         0
         0
         0
         0
         0
         0
         0
         0
         0
         0
         0
         0
         0
         0
         0
         0
         0
         0
         0
         0
         0
         0
         0
         0
         0
         0
         0
         0
         0
         0
         0
         0
         0
         0
         0
         0
         0
         0
         0
         0
         0
         0
         0
         0
         0
         0
         0
         0
         0
         0
         0
         0
         0
         0
         0
         0
         0
         0
         0
         0
         0
         0
         0
         0
         0
         0
         0
         0
         0
         0
         0
         0
         0
         0
         0
         0
         0
         0
         0
         0
         0
         0
         0
         0
         0
         0
         0
         0
         0
         0
         0
         0
         0
         0
         0
         0
         0
         0
         0
         0
         0
         0
         0
         0
         0
         0
         0
         0
         0
         0
         0
         0
         0
         0
         0
         0
         0
         0
         0
         0
         0
         0
         0
         0
         0
         0
         0
         0
         0
         0
         0
         0
         0
         0
         0
         0
         0
         0
         0
         0
         0
         0
         0
         0
         0
         0
         0
         0
         0
         0
         0
         0
         0
         0
         0
         0
         0
         0
         0
         0
         0
         0
         0
         0
         0
         0
         0
         0
         0
         0
         0
         0
         0
         0
         0
         0
         0
         0
         0
         0
         0
         0
         0
         0
         0
         0
         0
         0
         0
         0
         0
         0
         0
         0
         0
         0
         0
         0
         0
         0
         0
         0
         0
         0
         0
         0
         0
         0
         0
         0
         0
         0
         0
         0
         0
         0
         0
         0
         0
         0
         0
         0
         0
         0
         0
         0
         0
         0
         0
         0
         0
         0
         0
         0
         0
         0
         0
         0
         0
         0
         0
         0
         0
         0
         0
         0
         0
         0
         0
         0
         0
         0
         0
         0
         0
         0
         0
         0
         0
         0
         0
         0
         0
         0
         0
         0
         0
         0
         0
         0
         0
         0
         0
         0
         0
         0
         0
         0
         0
         0
         0
         0
         0
         0
         0
         0
         0
         0
         0
         0
         0
         0
         0
         0
         0
         0
         0
         0
         0
         0
         0
         0
         0
         0
         0
         0
         0
         0
         0
         0
         0
         0
         0
         0
         0
         0
         0
         0
         0
         0
         0
         0
         0
         0
         0
         0
         0
         0
         0
         0
         0
         0
         0
         0
         0
         0
         0
         0
         0
         0
         0
         0
         0
         0
         0
         0
         0
         0
         0
         0
         0
         0
         0
         0
         0
         0
         0
         0
         0
         0
         0
         0
         0
         0
         0
         0
         0
         0
         0
         0
         0
         0
         0
         0
         0
         0
         0
         0
         0
         0
         0
         0
         0
         0
         0
         0
         0
         0
         0
         0
         0
         0
         0
         0
         0
         0
         0
         0
         0
         0
         0
         0
         0
         0
         0
         0
         0
         0
         0
         0
         0
         0
         0
         0
         0
         0
         0
         0
         0
         0
         0
         0
         0
         0
         0
         0
         0
         0
         0
         0
         0
         0
         0
         0
         0
         0
         0
         0
         0
         0
         0
         0
         0
         0
         0
         0
         0
         0
         0
         0
         0
         0
         0
         0
         0
         0
         0
         0
         0
         0
         0
         0
         0
         0
         0
         0
         0
         0
         0
         0
         0
         0
         0
         0
         0
         0
         0
         0
         0
         0
         0
         0
         0
         0
         0
         0
         0
         0
         0
         0
         0
         0
         0
         0
         0
         0
         0
         0
         0
         0
         0
         0
         0
         0
         0
         0
         0
         0
         0
         0
         0
         0
         0
         0
         0
         0
         0
         0
         0
         0
         0
         0
         0
         0
         0
         0
         0
         0
         0
         0
         0
         0
         0
         0
         0
         0
         0
         0
         0
         0
         0
         0
         0
         0
         0
         0
         0
         0
         0
         0
         0
         0
         0
         0
         0
         0
         0
         0
         0
         0
         0
         0
         0
         0
         0
         0
         0
         0
         0
         0
         0
         0
         0
         0
         0
         0
         0
         0
         0
         0
         0
         0
         0
         0
         0
         0
         0
         0
         0
         0
         0
         0
         0
         0
         0
         0
         0
         0
         0
         0
         0
         0
         0
         0
         0
         0
         0
         0
         0
         0
         0
         0
         0
         0
         0
         0
         0
         0
         0
         0
         0
         0
         0
         0
         0
         0
         0
         0
         0
         0
         0
         0
         0
         0
         0
         0
         0
         0
         0
         0
         0
         0
         0
         0
         0
         0
         0
         0
         0
         0
         0
         0
         0
         0
         0
         0
         0
         0
         0
         0
         0
         0
         0
         0
         0
         0
         0
         0
         0
         0
         0
         0
         0
         0
         0
         0
         0
         0
         0
         0
         0
         0
         0
         0
         0
         0
         0
         0
         0
         0
         0
         0
         0
         0
         0
         0
         0
         0
         0
         0
         0
         0
         0
         0
         0
         0
         0
         0
         0
         0
         0
         0
         0
         0
         0
         0
         0
         0
         0
         0
         0
         0
         0
         0
         0
         0
         0
         0
         0
         0
         0
         0
         0
         0
         0
         0
         0
         0
         0
         0
         0
         0
         0
         0
         0
         0
         0
         0
         0
         0
         0
         0
         0
         0
         0
         0
         0
         0
         0
         0
         0
         0
         0
         0
         0
         0
         0
         0
         0
         0
         0
         0
         0
         0
         0
         0
         0
         0
         0
         0
         0
         0
         0
         0
         0
         0
         0
         0
         0
         0
         0
         0
         0
         0
         0
         0
         0
         0
         0
         0
         0
         0
         0
         0
         0
         0
         0
         0
         0
         0
         0
         0
         0
         0
         0
         0
         0
         0
         0
         0
         0
         0
         0
         0
         0
         0
         0
         0
         0
         0
         0
         0
         0
         0
         0
         0
         0
         0
         0
         0
         0
         0
         0
         0
         0
         0
         0
         0
         0
         0
         0
         0
         0
         0
         0
         0
         0
         0
         0
         0
         0
         0
         0
         0
         0
         0
         0
         0
         0
         0
         0
         0
         0
         0
         0
         0
         0
         0
         0
         0
         0
         0
         0
         0
         0
         0
         0
         0
         0
         0
         0
         0
         0
         0
         0
         0
         0
         0
         0
         0
         0
         0
         0
         0
         0
         0
         0
         0
         0
         0
         0
         0
         0
         0
         0
         0
         0
         0
         0
         0
         0
         0
         0
         0
         0
         0
         0
         0
         0
         0
         0
         0
         0
         0
         0
         0
         0
         0
         0
         0
         0
         0
         0
         0
         0
         0
         0
         0
         0
         0
         0
         0
         0
         0
         0
         0
         0
         0
         0
         0
         0
         0
         0
         0
         0
         0
         0
         0
         0
         0
         0
         0
         0
         0
         0
         0
         0
         0
         0
         0
         0
         0
         0
         0
         0
         0
         0
         0
         0
         0
         0
         0
         0
         0
         0
         0
         0
         0
         0
         0
         0
         0
         0
         0
         0
         0
         0
         0
         0
         0
         0
         0
         0
         0
         0
         0
         0
         0
         0
         0
         0
         0
         0
         0
         0
         0
         0
         0
         0
         0
         0
         0
         0
         0
         0
         0
         0
         0
         0
         0
         0
         0
         0
         0
         0
         0
         0
         0
         0
         0
         0
         0
         0
         0
         0
         0
         0
         0
         0
         0
         0
         0
         0
         0
         0
         0
         0
         0
         0
         0
         0
         0
         0
         0
         0
         0
         0
         0
         0
         0
         0
         0
         0
         0
         0
         0
         0
         0
         0
         0
         0
         0
         0
         0
         0
         0
         0
         0
         0
         0
         0
         0
         0
         0
         0
         0
         0
         0
         0
         0
         0
         0
         0
         0
         0
         0
         0
         0
         0
         0
         0
         0
         0
         0
         0
         0
         0
         0
         0
         0
         0
         0
         0
         0
         0
         0
         0
         0
         0
         0
         0
         0
         0
         0
