         0
         0
         0
         0
         0
         0
         0
         0
         0
         0
      6359
      6506
      6410
      6470
      6397
      6529
      6553
      6539
      6535
      6653
      6597
      6540
      6555
      6518
      6610
      6713
      6723
      6599
      6850
      6672
      6695
      6853
      6708
      6852
      6780
      6778
      6955
      6760
      6841
      6935
      6896
      7029
      6845
      7038
      7065
      7033
      6943
      7045
      6935
      7071
      6935
      7003
      7008
      6948
      7068
      6997
      7158
      6855
      6970
      7006
      7020
      7026
      7107
      7143
      7092
      7161
      7100
      7182
      7306
      7354
      7429
      7390
      7334
      7391
      7699
      7630
      7807
      7817
      7954
      7943
      8232
      7991
      8296
      8267
      8253
      8573
      8517
      8657
      8839
      8909
      9036
      9221
      9340
      9389
      9563
      9913
      9932
     10180
     10257
     10318
     10403
     10709
     10895
     10882
     11146
     11275
     11276
     11505
     11878
     12088
     12193
     12264
     12559
     12515
     12785
     12781
     13165
     13383
     13249
     13809
     13613
     13926
     14282
     14216
     14273
     14615
     14698
     14785
     14952
     15092
     15297
     15662
     15595
     15570
     15535
     15889
     15639
     15854
     16157
     16228
     16177
     16344
     16672
     16643
     16669
     16810
     16583
     16760
     16662
     16863
     16622
     16781
     16986
     17309
     16863
     17115
     17482
     17051
     17143
     17008
     17221
     17313
     17485
     17524
     17403
     17526
     17512
     17472
     17471
     17436
     17390
     17522
     17644
     17480
     17622
     17686
     17626
     17411
     17667
     17819
     17585
     17769
     17619
     17577
     17805
     17613
     17670
     17824
     17548
     17945
     17767
     17896
     17846
     17911
     17867
     17838
     17839
     17871
     17568
     17880
     17804
     17874
     17667
     18071
     18028
     18019
     18076
     17983
     17846
     17879
     17936
     17807
     17756
     17880
     17918
     17932
     17790
     17942
     17974
     17547
     18097
     17813
     17699
     17624
     18048
     18020
     17635
     17645
     17545
     17525
     17559
     17222
     17580
     17266
     17342
     17467
     17230
     17192
     17198
     16930
     17191
     17016
     16788
     16794
     16734
     16717
     16703
     16766
     16539
     16761
     16424
     16608
     16660
     16493
     16102
     16098
     16052
     15993
     16022
     16021
     16032
     16137
     16089
     15619
     15865
     15870
     15664
     15581
     15647
     15590
     15384
     15595
     15473
     15318
     15617
     15248
     15447
     15166
     15170
     15002
     15119
     14988
     15169
     14730
     14928
     14676
     14829
     14743
     14625
     14576
     14659
     14588
     14600
     14596
     14543
     14237
     14458
     14442
     14302
     14439
     14283
     14115
     14008
     13902
     14118
     14291
     14166
     14036
     13965
     13997
     13802
     13925
     13812
     13763
     13732
     13543
     13556
     13577
     13425
     13449
     13324
     13437
     13398
     13072
     13251
     13430
     13139
     13363
     13146
     13073
     13072
     12929
     12901
     12890
     12860
     12851
     12948
     12832
     12725
     12704
     12678
     12581
     12539
     12520
     12598
     12595
     12550
     12451
     12375
     12266
     12365
     12151
     12426
     12324
     12137
     12160
     11876
     11897
     12159
     11867
     12170
     11879
     11937
     11789
     11681
     11879
     11568
     11853
     11678
     11629
     11594
     11569
     11501
     11718
     11633
     11499
     11524
     11428
     11385
     11500
     11378
     11499
     11329
     11373
     11348
     11255
     11188
     11271
     11215
     11045
     10854
     10988
     10746
     10908
     11016
     10954
     10885
     10681
     10970
     10835
     10696
     10488
     10747
     10582
     10408
     10497
     10676
     10531
     10512
     10590
     10758
     10599
     10455
     10530
     10491
     10289
     10449
     10272
     10273
     10285
     10184
     10296
     10189
     10316
     10209
     10022
     10114
     10133
     10127
      9965
      9933
      9873
      9910
      9978
      9916
      9652
      9981
      9717
      9863
      9933
      9704
      9635
      9539
      9741
      9687
      9565
      9517
      9542
      9635
      9430
      9504
      9378
      9484
      9456
      9292
      9299
      9337
      9401
      9346
      9426
      9187
      9166
      9188
      9208
      9094
      8921
      8990
      9143
      9099
      9069
      9106
      9207
      8990
      9099
      8827
      9028
      9010
      8882
      8788
      9094
      8910
      8719
      8832
      8954
      8875
      8917
      8807
      8823
      8789
      8790
      8753
      8756
      8739
      8683
      8788
      8531
      8653
      8638
      8790
      8492
      8596
      8557
      8684
      8421
      8476
      8561
      8491
      8681
      8503
      8427
      8482
      8314
      8565
      8426
      8418
      8291
      8309
      8471
      8394
      8056
      8320
      8273
      8169
      8195
      8053
      8274
      8100
      8257
      8218
      7927
      8179
      8088
      7868
      7988
      7890
      7828
      7973
      8041
      7777
      7781
      7732
      7878
      7812
      7710
      7931
      7702
      7598
      7711
      7531
      7857
      7753
      7599
      7470
      7776
      7621
      7723
      7607
      7692
      7393
      7600
      7442
      7654
      7379
      7695
      7517
      7374
      7422
      7465
      7456
      7376
      7369
      7337
      7503
      7379
      7458
      7427
      7459
      7216
      7377
      7264
      7342
      7306
      7135
      7296
      7259
      7248
      7179
      7231
      7225
      7102
      7305
      7111
      7155
      7252
      7185
      7148
      7105
      7246
      7200
      7077
      7078
      7131
      7088
      7058
      6952
      7026
      6979
      7036
      7088
      7037
      6920
      6887
      6912
      6907
      7056
      7081
      6921
      6872
      6957
      6880
      6870
      6843
      6815
      6957
      6866
      6753
      6859
      6889
      6695
      6891
      6696
      6829
      6825
      6829
      6751
      6759
      6684
      6689
      6625
      6812
      6581
      6771
      6627
      6708
      6690
      6727
      6652
      6662
      6607
      6603
      6599
      6661
      6582
      6679
      6616
      6559
      6597
      6438
      6534
      6520
      6661
      6647
      6551
      6603
      6449
      6476
      6539
      6539
      6450
      6476
      6584
      6467
      6506
      6322
      6331
      6426
      6381
      6376
      6547
      6412
      6387
      6381
      6272
      6278
      6305
      6411
      6299
      6324
      6290
      6353
      6279
      6295
      6263
      6210
      6168
      6221
      6201
      6279
      6220
      6325
      6044
      6249
      6262
      6130
      6159
      6186
      6102
      6413
      6064
      6235
      6107
      6006
      6119
      6100
      6170
      6014
      6140
      6090
      6057
      6058
      5902
      6108
      6138
      6098
      6048
      6062
      6006
      6041
      6112
      6098
      6075
      6043
      6024
      6034
      6064
      5989
      5942
      5933
      6027
      5963
      5909
      5909
      6001
      6051
      5817
      5849
      5838
      5891
      6051
      5969
      5909
      5968
      5876
      5745
      5966
      6013
      5839
      5740
      5865
      5955
      5827
      5698
      5711
      5866
      6001
      5838
      5850
      5836
      5768
      5676
      5909
      5818
      5849
      5836
      5766
      5692
      5829
      5916
      5838
      5667
      5765
      5716
      5802
      5821
      5766
      5716
      5833
      5804
      5753
      5734
      5791
      5696
      5718
      5684
      5755
      5793
      5623
      5709
      5743
      5694
      5802
      5800
      5633
      5586
      5607
      5734
      5712
      5694
      5642
      5654
      5826
      5671
      5723
      5724
      5732
      5700
      5555
      5713
      5697
      5702
      5560
      5655
      5695
      5660
      5704
      5603
      5674
      5715
      5634
      5557
      5691
      5517
      5658
      5649
      5656
      5719
      5744
      5548
      5544
      5539
      5591
      5738
      5557
      5509
      5537
      5619
      5435
      5701
      5623
      5570
      5596
      5555
      5467
      5456
      5710
      5586
      5472
      5468
      5532
      5502
      5434
      5534
      5627
      5497
      5394
      5480
      5545
      5549
      5531
      5458
      5458
      5536
      5485
      5475
      5621
      5286
      5377
      5604
      5503
      5544
      5489
      5255
      5386
      5423
      5493
      5489
      5491
      5300
      5376
      5527
      5543
      5377
      5365
      5493
      5525
      5350
      5505
      5476
      5526
      5357
      5509
      5275
      5226
      5417
      5310
      5329
      5297
      5334
      5317
      5470
      5247
      5402
      5405
      5423
      5098
      5399
      5320
      5378
      5208
      5278
      5238
      5313
      5392
      5424
      5277
      5429
      5329
      5365
      5239
      5161
      5274
      5061
      5220
      5297
      5206
      5169
      5176
      5250
      5183
      5209
      5080
      5155
      5062
      5101
      5140
      5014
      4933
      5044
      5117
      4940
      4864
      4992
      4804
      4743
      4855
      4922
      4799
      4803
      4700
      4805
      4633
      4711
      4898
      4725
      4648
      4694
      4684
      4675
      4615
      4474
      4549
      4541
      4580
      4597
      4573
      4443
      4399
      4393
      4416
      4429
      4407
      4303
      4331
      4382
      4331
      4347
      4189
      4288
      4236
      4283
      4243
      4237
      4152
      4007
      4145
      4184
      4260
      4134
      4096
      4005
      4110
      4061
      4064
      3999
      3997
      3998
      3996
      3985
      4054
      4076
      3951
      3879
      3877
      3979
      3868
      3981
      4007
      3816
      3834
      3871
      3868
      3987
      3824
      3848
      3871
      3929
      3839
      3973
      3814
      3742
      3836
      3881
      3744
      3628
      3829
      3808
      3842
      3869
      3772
      3781
      3876
      3801
      3796
      3767
      3802
      3811
      3777
      3695
      3782
      3705
      3734
      3702
      3757
      3643
      3702
      3803
      3727
      3628
      3646
      3750
      3685
      3676
      3700
      3692
      3568
      3542
      3703
      3580
      3765
      3551
      3861
      3550
      3706
      3546
      3693
      3653
      3565
      3713
      3686
      3735
      3675
      3547
      3697
      3655
      3676
      3603
      3704
      3808
      3666
      3703
      3708
      3720
      3757
      3744
      3834
      3846
      3841
      3846
      3931
      3898
      3971
      3884
      3858
      4020
      3969
      4188
      4203
      4159
      4180
      4281
      4238
      4304
      4520
      4521
      4608
      4662
      4755
      4748
      4863
      5058
      5244
      5156
      5186
      5432
      5533
      5708
      5708
      5795
      6016
      6118
      6161
      6274
      6589
      6541
      6771
      6960
      7014
      7234
      7230
      7258
      7695
      7639
      7755
      8092
      8097
      8307
      8610
      8636
      8724
      8883
      9029
      9049
      9158
      9366
      9306
      9569
      9664
      9670
      9869
     10036
      9969
     10236
     10189
     10268
     10226
     10481
     10390
     10376
     10624
     10460
     10517
     10439
     10274
     10522
     10445
     10507
     10280
     10202
     10264
     10064
     10038
     10021
      9961
      9612
      9628
      9545
      9320
      9276
      9124
      9011
      8989
      8853
      8777
      8525
      8431
      8058
      7935
      7875
      7620
      7444
      7251
      7200
      6960
      6731
      6517
      6449
      6154
      6029
      5872
      5668
      5485
      5278
      5165
      4982
      4797
      4639
      4498
      4369
      4275
      4143
      3941
      3830
      3654
      3557
      3487
      3203
      3264
      3036
      3000
      2938
      2765
      2611
      2617
      2582
      2405
      2390
      2295
      2345
      2205
      2173
      2027
      1996
      2074
      1988
      1956
      1927
      1855
      1961
      1861
      1890
      1797
      1892
      1824
      1766
      1774
      1874
      1855
      1860
      1883
      1877
      1929
      1955
      2037
      2063
      2156
      2162
      2199
      2258
      2335
      2451
      2552
      2599
      2596
      2774
      2722
      2848
      3030
      3043
      3206
      3183
      3439
      3445
      3569
      3634
      3779
      3953
      3999
      4083
      4262
      4295
      4504
      4627
      4683
      4895
      4996
      5224
      5322
      5485
      5514
      5530
      5808
      5897
      6005
      6178
      6240
      6410
      6543
      6633
      6893
      6867
      6905
      7012
      7338
      7280
      7284
      7484
      7666
      7698
      7692
      7794
      7985
      7987
      8113
      8134
      8006
      8156
      8045
      8112
      8047
      8238
      8276
      8182
      8371
      8322
      8131
      8191
      8016
      8071
      8072
      7982
      7698
      7912
      7843
      7739
      7504
      7539
      7396
      7426
      7268
      7132
      7018
      6767
      6834
      6717
      6507
      6501
      6257
      6305
      6215
      5934
      5938
      5626
      5581
      5409
      5132
      5186
      5071
      4855
      4681
      4469
      4401
      4313
      4050
      4045
      3765
      3706
      3705
      3391
      3330
      3122
      3044
      2900
      2900
      2805
      2695
      2561
      2321
      2313
      2259
      2022
      2070
      1870
      1768
      1707
      1577
      1588
      1424
      1432
      1334
      1251
      1179
      1136
      1088
      1005
       907
       924
       828
       824
       727
       675
       663
       622
       599
       504
       529
       446
       445
       450
       411
       367
       331
       323
       285
       276
       250
       235
       225
       218
       213
       190
       167
       165
       144
       141
       127
       119
       104
        98
        94
        94
        84
        84
        64
        69
        67
        51
        45
        51
        42
        36
        37
        57
        43
        39
        40
        37
        28
        42
        37
        30
        24
        20
        23
        25
        19
        15
        20
        22
        21
        19
        20
        19
        13
        14
        22
        12
        16
        19
        18
        24
        16
        10
        18
        11
        17
        10
        15
        18
        17
        19
        17
        18
        16
        14
        15
        13
        21
        15
        20
        14
        11
        21
        19
        19
        18
        12
        16
        19
        14
        10
        16
        17
        14
        14
        11
        14
        17
        15
        15
        15
        16
        12
        16
        13
        11
        15
        11
        20
        21
        15
        16
        20
         9
        14
        14
        16
        21
        15
        14
        13
        12
        15
        21
         8
        18
        19
        19
        10
        14
        15
         7
        15
        12
        16
         9
        15
        13
        11
        15
        17
         6
         5
        14
        12
        13
        15
        22
        14
        10
        13
         8
        22
        16
        10
        12
         5
        14
        13
         8
         7
         9
        16
         9
        14
        14
        13
        13
        16
         9
         7
        15
         9
        14
         8
        12
        13
        11
        11
         9
         9
        13
        10
         8
        17
        10
        17
         7
        12
        15
        11
        11
         9
         9
        12
         8
        10
        10
        12
        11
        13
         7
        13
        16
        11
         6
         5
        17
         6
        13
        13
        13
        13
         9
        13
        17
        17
        16
        10
        11
        16
        13
         8
        11
         6
         9
        10
        14
        11
        11
        12
        14
         9
        12
        10
        14
        11
        13
        10
        11
         8
        10
         8
        15
        11
         9
        12
         8
         7
         7
        14
        14
        15
        11
        10
         9
         9
         8
        11
         9
        12
        13
        12
        14
         4
         5
        10
        16
        14
         5
        12
        11
        13
         8
        11
        12
         3
        16
        10
        11
         9
         7
        11
        11
         6
        10
         6
        13
        14
        11
         9
         7
        10
         9
        11
         9
         8
        11
        11
         9
        11
         6
         9
        16
        11
         3
         8
        11
         8
         9
        10
        13
         8
         9
         7
         2
         9
        13
        12
         8
         6
         8
         5
         9
         6
        15
         8
         9
        11
        12
        10
         8
        11
         6
        10
        10
         8
         7
         4
         5
         3
        12
         9
        11
        16
         5
         5
         6
         9
         5
         6
         8
         9
         9
         6
         7
         6
         5
         3
         5
         5
         4
        11
         8
         9
         6
        10
         6
         5
         8
        11
         8
         5
         8
         9
         6
         7
         6
        13
         7
         9
        10
         6
         7
        10
         8
         5
         3
         7
        13
         8
         6
         8
         8
         5
         3
         8
         7
        10
         4
         8
        10
         6
         7
        11
         6
         7
        11
         7
         5
        10
         8
         7
        13
         3
         7
        10
         8
         4
         7
         9
         6
         6
        10
        10
         7
         8
         3
         4
        10
        10
         2
         9
         4
         2
         5
         7
         3
         6
         4
         6
         4
         6
         5
         4
         7
        12
         7
         8
        13
         3
         7
         4
         5
         4
         4
         6
         4
         8
         6
         7
        10
         7
         4
        10
         9
         8
         6
         5
         1
         6
         8
         8
         6
         7
         7
         8
         4
         3
         9
         2
         5
        11
         5
         0
        12
         6
         7
         5
        10
         8
         3
         5
        11
         6
         9
         7
         5
         8
         7
         4
         6
         3
         7
         8
         4
        10
         3
         7
         7
         6
         4
         5
         8
         3
         5
         8
         5
         5
         4
        10
         4
         9
         6
         4
         6
         9
         6
         5
         7
         6
         4
         7
         5
         5
         3
        12
         7
         3
         9
         0
         4
         2
         3
         2
         6
         3
         8
         2
         6
         4
         3
         5
         3
         7
         5
         6
         4
         6
         5
         4
         6
         2
         3
         5
         5
         6
         3
         4
         3
         7
         5
         5
         7
         5
        10
         9
         2
         3
         6
         7
         4
         3
         3
         6
         3
         4
         3
         6
         9
         4
         7
         7
         5
         7
         4
         2
        11
         5
         4
         6
         3
         7
         4
         2
         5
         3
         7
         4
         3
         6
        12
         4
         3
         4
         5
         2
         4
         6
         1
         3
         4
         4
         5
         7
         5
         4
         2
         3
         3
         2
         3
         3
         1
         7
         3
         5
         5
         8
         6
         6
         3
         4
         8
         7
         5
         2
         8
         1
         2
         2
         6
         4
         5
         4
         5
         4
         4
         4
         3
         3
         4
         1
         7
         7
         3
         5
         4
         6
         8
         4
         2
         5
         5
         3
         7
         4
         1
         0
         4
         4
         2
         3
         3
         8
         4
         0
         5
         7
         6
         8
         6
         4
         3
         5
         2
         3
         2
         7
         3
         7
         2
         6
         4
         7
         5
         4
         3
         2
         5
         4
         1
         5
         4
         1
         2
         0
         7
         7
         1
         0
         3
        10
         4
         1
         3
         2
         5
         4
         2
         1
         7
         2
         5
        10
         4
         5
         4
         3
         5
         4
         3
         1
         3
         3
         4
         4
         5
         3
         1
         3
         5
         5
         4
         8
         3
         2
         3
         5
         2
         6
         4
         2
         7
         6
         4
         1
         2
         6
         5
        11
         0
         3
         3
         5
         1
         3
         6
         2
         3
         3
         3
         4
         1
         2
         5
         3
         4
         5
         2
         5
         4
         3
         4
         5
         3
         4
         4
         2
         3
         4
         1
         5
         1
         2
         3
         2
         5
         5
         3
         5
         4
         1
         4
         3
         6
         1
         0
         2
         4
         7
         1
         1
         4
         1
         3
         3
         4
         8
         0
         1
         3
         5
         2
         3
         4
         5
         0
         2
         4
         3
         2
         2
         1
         6
         2
         0
         3
         1
         4
         3
         3
         3
         4
         3
         4
         3
         1
         3
         1
         1
         2
         2
         5
         1
         1
         1
         2
         3
         4
         3
         2
         1
         2
         3
         2
         1
         4
         2
         3
         2
         0
         0
         3
         2
         2
         3
         1
         0
         2
         3
         0
         2
         2
         1
         3
         3
         1
         2
         4
         0
         3
         0
         1
         1
         5
         8
         0
         3
         2
         6
         4
         3
         1
         4
         5
         1
         1
         0
         7
         4
         2
         2
         4
         3
         2
         5
         2
         1
         3
         2
         0
         0
         0
         0
         0
         0
         5
         3
         3
         1
         2
         1
         1
         1
         0
         0
         0
         3
         0
         2
         2
         4
         2
         1
         3
         0
         3
         1
         3
         2
         1
         1
         1
         0
         1
         1
         1
         3
         2
         4
         0
         2
         2
         0
         2
         2
         1
         0
         2
         3
         1
         4
         2
         0
         2
         2
         1
         2
         0
         1
         2
         1
         2
         4
         2
         2
         2
         4
         3
         4
         2
         2
         2
         3
         1
         2
         3
         4
         3
         4
         1
         5
         2
         0
         2
         2
         1
         0
         3
         5
         2
         1
         4
         2
         4
         1
         6
         3
         3
         3
         5
         3
         3
         3
         1
         4
         3
         2
         3
         4
         3
         3
         0
         7
         2
         5
         5
         3
         6
         2
         3
         1
         4
         1
         3
         2
         3
         5
         5
         5
         2
         3
         6
         2
         3
         1
         4
         7
         4
         5
         0
         3
         4
         5
         4
         3
         3
         7
         2
         7
         4
         6
         6
         2
         4
         5
         3
         4
         0
         5
         5
         4
         5
         4
         5
         6
         2
         2
         2
         3
         4
         3
         2
         8
         4
         1
         7
         2
         3
         2
         2
         2
         2
         3
         2
         2
         2
         3
         3
         3
         1
         2
         5
         2
         6
         2
         2
         2
         0
         4
         4
         4
         1
         7
         2
         4
         1
         2
         4
         3
         1
         4
         2
         0
         3
         1
         0
         1
         0
         2
         0
         2
         2
         1
         0
         0
         1
         0
         3
         1
         2
         2
         0
         3
         0
         0
         0
         1
         2
         1
         1
         0
         1
         1
         0
         0
         1
         0
         0
         0
         1
         2
         0
         1
         0
         1
         2
         0
         0
         0
         1
         0
         1
         0
         0
         0
         0
         1
         0
         0
         0
         0
         0
         0
         1
         0
         0
         0
         0
         0
         0
         0
         2
         0
         0
         0
         0
         0
         0
         0
         1
         0
         0
         0
         0
         0
         0
         0
         0
         0
         0
         0
         0
         0
         0
         0
         0
         0
         0
         1
         0
         0
         0
         0
         0
         0
         0
         0
         0
         0
         0
         0
         0
         0
         0
         0
         0
         0
         0
         0
         0
         0
         0
         0
         0
         0
         0
         0
         0
         0
         0
         0
         0
         0
         0
         0
         0
         0
         0
         0
         0
         0
         0
         0
         0
         0
         0
         0
         0
         0
         0
         0
         0
         0
         0
         0
         0
         0
         0
         0
         0
         0
         0
         0
         0
         0
         0
         0
         0
         0
         0
         0
         0
         0
         0
         0
         0
         0
         0
         0
         0
         0
         0
         0
         0
         0
         0
         0
         0
         0
         0
         0
         0
         0
         0
         0
         0
         0
         0
         0
         0
         0
         0
         0
         0
         0
         0
         0
         0
         0
         0
         0
         0
         0
         0
         0
         0
         0
         0
         0
         0
         0
         0
         0
         0
         0
         0
         0
         0
         0
         0
         0
         0
         0
         0
         0
         0
         0
         0
         0
         0
         0
         0
         0
         0
         0
         0
         0
         0
         0
         0
         0
         0
         0
         0
         0
         0
         0
         0
         0
         0
         0
         0
         0
         0
         0
         0
         0
         0
         0
         0
         0
         0
         0
         0
         0
         0
         0
         0
         0
         0
         0
         0
         0
         0
         0
         0
         0
         0
         0
         0
         0
         0
         0
         0
         0
         0
         0
         0
         0
         0
         0
         0
         0
         0
         0
         0
         0
         0
         0
         0
         0
         0
         0
         0
         0
         0
         0
         0
         0
         0
         0
         0
         0
         0
         0
         0
         0
         0
         0
         0
         0
         0
         0
         0
         0
         0
         0
         0
         0
         0
         0
         0
         0
         0
         0
         0
         0
         0
         0
         0
         0
         0
         0
         0
         0
         0
         0
         0
         0
         0
         0
         0
         0
         0
         0
         0
         0
         0
         0
         0
         0
         0
         0
         0
         0
         0
         0
         0
         0
         0
         0
         0
         0
         0
         0
         0
         0
         0
         0
         0
         0
         0
         0
         0
         0
         0
         0
         0
         0
         0
         0
         0
         0
         0
         0
         0
         0
         0
         0
         0
         0
         0
         0
         0
         0
         0
         0
         0
         0
         0
         0
         0
         0
         0
         0
         0
         0
         0
         0
         0
         0
         0
         0
         0
         0
         0
         0
         0
