         0
         0
         0
         0
         0
         0
         0
         0
         0
         0
      4796
      4926
      5006
      4964
      4915
      5061
      5162
      5002
      5119
      5142
      5064
      5042
      5212
      5014
      5231
      5068
      5263
      5229
      5186
      5369
      5183
      5157
      5259
      5276
      5373
      5135
      5303
      5235
      5325
      5321
      5437
      5316
      5185
      5387
      5240
      5233
      5322
      5456
      5400
      5405
      5222
      5300
      5321
      5245
      5273
      5316
      5413
      5367
      5327
      5599
      5544
      5448
      5365
      5378
      5494
      5580
      5441
      5461
      5480
      5549
      5745
      5585
      5649
      5662
      5710
      5752
      5856
      5852
      5960
      5916
      5920
      5900
      6105
      6051
      6036
      5943
      6060
      6268
      6230
      6243
      6293
      6197
      6342
      6426
      6437
      6509
      6532
      6636
      6485
      6614
      6623
      6641
      6802
      6873
      7047
      6857
      7194
      7017
      7177
      7124
      7236
      7250
      7494
      7449
      7530
      7415
      7719
      7612
      7660
      7991
      7761
      7944
      8021
      8044
      7994
      8157
      8022
      8167
      8335
      8287
      8365
      8315
      8300
      8265
      8362
      8559
      8251
      8599
      8402
      8355
      8444
      8366
      8484
      8511
      8544
      8570
      8539
      8600
      8673
      8540
      8514
      8669
      8604
      8865
      8769
      8837
      8662
      9032
      8868
      8935
      8982
      8953
      8768
      9104
      9290
      8981
      8964
      9177
      9269
      9344
      9410
      9343
      9527
      9645
      9696
      9891
     10330
     10034
     10229
     10485
     10692
     10845
     10810
     11135
     11300
     11480
     11541
     11720
     11687
     11990
     11914
     11818
     11840
     12164
     12285
     12274
     12159
     12148
     12347
     12446
     12118
     12153
     12182
     12314
     12221
     12107
     11959
     12084
     11991
     12017
     11897
     11828
     11736
     11668
     11767
     11595
     11431
     11424
     11517
     11275
     11233
     11329
     10987
     11224
     11001
     11086
     11119
     10944
     11025
     10999
     10809
     10844
     10836
     10776
     10555
     10912
     10613
     10582
     10598
     10457
     10304
     10573
     10257
     10648
     10273
     10248
     10391
     10281
     10332
     10191
     10045
     10020
      9927
      9948
      9880
      9844
      9841
      9973
      9894
      9840
      9564
      9795
      9873
      9712
      9483
      9444
      9487
      9599
      9434
      9554
      9603
      9488
      9410
      9366
      9448
      9481
      9443
      9096
      9357
      9177
      9037
      9242
      9196
      9331
      9298
      9248
      9181
      9082
      8903
      9184
      9236
      8890
      9184
      9036
      8849
      8808
      8787
      8936
      8877
      8777
      8779
      8835
      8775
      8716
      8951
      8671
      8721
      8765
      8732
      8602
      8541
      8630
      8560
      8604
      8478
      8571
      8534
      8308
      8637
      8460
      8417
      8464
      8452
      8372
      8564
      8324
      8313
      8252
      8354
      8154
      8239
      8238
      8321
      8188
      8230
      8167
      8266
      8295
      8245
      8076
      8224
      8280
      7969
      7978
      8182
      8014
      8098
      8133
      7987
      8029
      8028
      7992
      8094
      7939
      8034
      7783
      7841
      7854
      7784
      7868
      7759
      7838
      7824
      7779
      7669
      7785
      7717
      7796
      7980
      7844
      7672
      7708
      7671
      7821
      7786
      7854
      7648
      7497
      7745
      7700
      7568
      7875
      7681
      7731
      7673
      7595
      7778
      7611
      7678
      7692
      7579
      7588
      7690
      7655
      7536
      7748
      7516
      7676
      7658
      7714
      7618
      7726
      7589
      7795
      7682
      7775
      7720
      7647
      7760
      7757
      7494
      7611
      7822
      7644
      7696
      7796
      7730
      7692
      7901
      7456
      7715
      7869
      7738
      7752
      7821
      7583
      7779
      7845
      7708
      7859
      7792
      7666
      7724
      7869
      7783
      7731
      7695
      7726
      7803
      7805
      7720
      7837
      7760
      7816
      7818
      7825
      7710
      7613
      7773
      7680
      7523
      7661
      7518
      7601
      7552
      7440
      7523
      7449
      7365
      7389
      7188
      7227
      7103
      7093
      6949
      6980
      6842
      6890
      6758
      6574
      6685
      6518
      6462
      6426
      6380
      6258
      6138
      5934
      5898
      5890
      5653
      5653
      5560
      5483
      5504
      5333
      5169
      5120
      5002
      5135
      4902
      4744
      4771
      4752
      4629
      4642
      4558
      4521
      4309
      4384
      4293
      4009
      4167
      4160
      4221
      4024
      4054
      3969
      3949
      3784
      3845
      3856
      3851
      3681
      3837
      3725
      3633
      3724
      3613
      3531
      3558
      3531
      3613
      3603
      3509
      3477
      3483
      3486
      3425
      3419
      3343
      3445
      3307
      3372
      3327
      3334
      3417
      3267
      3300
      3245
      3236
      3294
      3221
      3204
      3128
      3144
      3198
      3229
      3145
      3170
      3173
      3174
      3121
      3128
      3064
      3061
      3109
      3040
      3244
      3134
      3103
      2964
      3044
      2994
      2987
      3021
      3071
      3057
      3021
      2997
      3047
      2970
      3050
      2898
      2968
      2940
      2920
      2974
      3026
      2968
      3056
      3028
      2940
      3008
      3020
      2962
      3033
      2927
      3079
      3053
      3077
      3041
      3142
      3109
      3230
      3233
      3254
      3326
      3268
      3579
      3515
      3680
      3777
      3835
      4053
      4340
      4358
      4558
      4888
      5119
      5371
      5596
      5968
      6364
      6811
      7179
      7526
      8015
      8577
      9237
      9862
     10615
     11277
     12069
     12709
     13611
     14460
     15275
     16266
     17019
     18397
     19899
     20563
     22248
     23329
     24602
     25644
     26717
     27948
     29751
     30933
     32253
     33605
     34690
     35682
     37523
     38794
     39642
     40899
     41973
     43034
     43659
     44290
     45153
     46114
     46482
     47107
     47435
     48157
     47692
     48800
     48346
     47943
     47978
     47610
     47191
     46900
     46312
     45539
     44730
     44164
     43193
     42140
     40961
     39615
     38462
     37388
     35996
     34491
     33517
     31928
     30754
     29573
     28423
     26796
     25018
     24027
     22673
     21262
     20000
     18945
     17419
     16467
     15428
     14271
     13458
     12317
     11449
     10552
      9433
      8989
      8156
      7323
      6739
      6120
      5553
      5104
      4580
      4106
      3623
      3343
      2970
      2648
      2431
      2176
      1928
      1704
      1519
      1324
      1123
       988
       878
       733
       678
       594
       506
       452
       354
       363
       307
       248
       204
       197
       132
       121
       133
        78
        91
        73
        53
        59
        43
        18
        25
        20
        17
        15
        10
        10
        10
         9
         6
         8
         5
         3
         3
         5
         1
         2
         2
         2
         0
         1
         0
         0
         1
         1
         1
         0
         0
         1
         0
         0
         0
         0
         0
         0
         1
         0
         0
         0
         0
         0
         0
         1
         0
         0
         0
         1
         1
         0
         1
         0
         0
         2
         0
         0
         0
         0
         0
         0
         0
         0
         0
         0
         0
         0
         1
         2
         1
         0
         1
         0
         0
         0
         0
         0
         0
         0
         0
         0
         0
         0
         0
         0
         1
         0
         0
         0
         0
         0
         0
         1
         0
         0
         0
         1
         0
         0
         0
         0
         0
         0
         0
         0
         0
         0
         0
         1
         0
         0
         0
         0
         0
         0
         0
         0
         0
         0
         0
         0
         0
         0
         0
         0
         0
         0
         0
         0
         0
         0
         0
         0
         0
         0
         0
         1
         0
         0
         0
         0
         0
         0
         0
         0
         0
         0
         0
         0
         0
         0
         0
         0
         0
         0
         0
         0
         0
         0
         0
         0
         0
         0
         0
         0
         0
         0
         0
         0
         0
         0
         0
         0
         0
         0
         0
         0
         0
         0
         0
         0
         0
         0
         0
         0
         0
         0
         0
         0
         0
         0
         0
         0
         0
         0
         0
         1
         0
         0
         0
         0
         0
         1
         0
         0
         0
         0
         0
         0
         0
         0
         0
         0
         0
         0
         0
         0
         0
         0
         0
         0
         0
         0
         0
         0
         0
         0
         0
         0
         0
         0
         0
         0
         0
         0
         0
         0
         0
         0
         0
         0
         0
         0
         0
         0
         0
         0
         0
         0
         0
         0
         0
         0
         0
         0
         0
         0
         0
         0
         0
         0
         0
         0
         0
         0
         0
         0
         0
         0
         0
         0
         0
         0
         0
         0
         0
         0
         0
         0
         0
         0
         0
         0
         0
         0
         0
         0
         0
         0
         0
         0
         0
         0
         0
         0
         0
         0
         0
         0
         0
         0
         0
         0
         0
         0
         0
         0
         0
         0
         0
         0
         0
         0
         0
         0
         0
         0
         0
         0
         0
         0
         0
         0
         0
         0
         0
         0
         0
         0
         0
         0
         0
         0
         0
         0
         0
         0
         0
         0
         0
         0
         0
         0
         0
         0
         0
         0
         0
         0
         0
         0
         0
         0
         0
         0
         0
         0
         0
         0
         0
         0
         0
         0
         0
         0
         0
         0
         0
         0
         0
         0
         0
         0
         0
         0
         0
         0
         0
         0
         0
         0
         0
         0
         0
         0
         0
         0
         0
         0
         0
         0
         0
         0
         0
         0
         0
         0
         0
         0
         0
         0
         0
         0
         0
         0
         0
         0
         0
         0
         0
         0
         0
         0
         0
         0
         0
         0
         0
         0
         0
         0
         0
         0
         0
         0
         0
         0
         0
         0
         0
         0
         0
         0
         0
         0
         0
         0
         0
         0
         0
         0
         0
         0
         0
         0
         0
         0
         0
         0
         0
         0
         0
         0
         0
         0
         0
         0
         0
         0
         0
         0
         0
         0
         0
         0
         0
         0
         0
         0
         0
         0
         0
         0
         0
         0
         0
         0
         0
         0
         0
         0
         0
         0
         0
         0
         0
         0
         0
         0
         0
         0
         0
         0
         0
         0
         0
         0
         0
         0
         0
         0
         0
         0
         0
         0
         0
         0
         0
         0
         0
         0
         0
         0
         0
         0
         0
         0
         0
         0
         0
         0
         0
         0
         0
         0
         0
         0
         0
         0
         0
         0
         0
         0
         0
         0
         0
         0
         0
         0
         0
         0
         0
         0
         0
         0
         0
         0
         0
         0
         0
         0
         0
         0
         0
         0
         0
         0
         0
         0
         0
         0
         0
         0
         0
         0
         0
         0
         0
         0
         0
         0
         0
         0
         0
         0
         0
         0
         0
         0
         0
         0
         0
         0
         0
         0
         0
         0
         0
         0
         0
         0
         0
         0
         0
         0
         0
         0
         0
         0
         0
         0
         0
         0
         0
         0
         0
         0
         0
         0
         0
         0
         0
         0
         0
         0
         0
         0
         0
         0
         0
         0
         0
         0
         0
         0
         0
         0
         0
         0
         0
         0
         0
         0
         0
         0
         0
         0
         0
         0
         0
         0
         0
         0
         0
         0
         0
         0
         0
         0
         0
         0
         0
         0
         0
         0
         0
         0
         0
         0
         0
         0
         0
         0
         0
         0
         0
         0
         0
         0
         0
         0
         0
         0
         0
         0
         0
         0
         0
         0
         0
         0
         0
         0
         0
         0
         0
         0
         0
         0
         0
         0
         0
         0
         0
         0
         0
         0
         0
         0
         0
         0
         0
         0
         0
         0
         0
         0
         0
         0
         0
         0
         0
         0
         0
         0
         0
         0
         0
         0
         0
         0
         0
         0
         0
         0
         0
         0
         0
         0
         0
         0
         0
         0
         0
         0
         0
         0
         0
         0
         0
         0
         0
         0
         0
         0
         0
         0
         0
         0
         0
         0
         0
         0
         0
         0
         0
         0
         0
         0
         0
         0
         0
         0
         0
         0
         0
         0
         0
         0
         0
         0
         0
         0
         0
         0
         0
         0
         0
         0
         0
         0
         0
         0
         0
         0
         0
         0
         0
         0
         0
         0
         0
         0
         0
         0
         0
         0
         0
         0
         0
         0
         0
         0
         0
         0
         0
         0
         0
         0
         0
         0
         0
         0
         0
         0
         0
         0
         0
         0
         0
         0
         0
         0
         0
         0
         0
         0
         0
         0
         0
         0
         0
         0
         0
         0
         0
         0
         0
         0
         0
         0
         0
         0
         0
         0
         0
         0
         0
         0
         0
         0
         0
         0
         0
         0
         0
         0
         0
         0
         0
         0
         0
         0
         0
         0
         0
         0
         0
         0
         0
         0
         0
         0
         0
         0
         0
         0
         0
         0
         0
         0
         0
         0
         0
         0
         0
         0
         0
         0
         0
         0
         0
         0
         0
         0
         0
         0
         0
         0
         0
         0
         0
         0
         0
         0
         0
         0
         0
         0
         0
         0
         0
         0
         0
         0
         0
         0
         0
         0
         0
         0
         0
         0
         0
         0
         0
         0
         0
         0
         0
         0
         0
         0
         0
         0
         0
         0
         0
         0
         0
         0
         0
         0
         0
         0
         0
         0
         0
         0
         0
         0
         0
         0
         0
         0
         0
         0
         0
         0
         0
         0
         0
         0
         0
         0
         0
         0
         0
         0
         0
         0
         0
         0
         0
         0
         0
         0
         0
         0
         0
         0
         0
         0
         0
         0
         0
         0
         0
         0
         0
         0
         0
         0
         0
         0
         0
         0
         0
         0
         0
         0
         0
         0
         0
         0
         0
         0
         0
         0
         0
         0
         0
         0
         0
         0
         0
         0
         0
         0
         0
         0
         0
         0
         0
         0
         0
         0
         0
         0
         0
         0
         0
         0
         0
         0
         0
         0
         0
         0
         0
         0
         0
         0
         0
         0
         0
         0
         0
         0
         0
         0
         0
         0
         0
         0
         0
         0
         0
         0
         0
         0
         0
         0
         0
         0
         0
         0
         0
         0
         0
         0
         0
         0
         0
         0
         0
         0
         0
         0
         0
         0
         0
         0
         0
         0
         0
         0
         0
         0
         0
         0
         0
         0
         0
         0
         0
         0
         0
         0
         0
         0
         0
         0
         0
         0
         0
         0
         0
         0
         0
         0
         0
         0
         0
         0
         0
         0
         0
         0
         0
         0
         0
         0
         0
         0
         0
         0
         0
         0
         0
         0
         0
         0
         0
         0
         0
         0
         0
         0
         0
         0
         0
         0
         0
         0
         0
         0
         0
         0
         0
         0
         0
         0
         0
         0
         0
         0
         0
         0
         0
         0
         0
         0
         0
         0
         0
         0
         0
         0
         0
         0
         0
         0
         0
         0
         0
         0
         0
         0
         0
         0
         0
         0
         0
         0
         0
         0
         0
         0
         0
         0
         0
         0
         0
         0
         0
         0
         0
         0
         0
         0
         0
         0
         0
         0
         0
         0
         0
         0
         0
         0
         0
         0
         0
         0
         0
         0
         0
         0
         0
         0
         0
         0
         0
         0
         0
         0
         0
         0
         0
         0
         0
         0
         0
         0
         0
         0
         0
         0
         0
         0
         0
         0
         0
         0
         0
         0
         0
         0
         0
         0
         0
         0
         0
         0
         0
         0
         0
         0
         0
         0
         0
         0
         0
         0
         0
         0
         0
         0
         0
         0
         0
         0
         0
         0
         0
         0
         0
         0
         0
         0
         0
         0
         0
         0
         0
         0
         0
         0
         0
         0
         0
         0
         0
         0
         0
         0
         0
         0
         0
         0
         0
         0
         0
         0
         0
         0
         0
         0
         0
         0
         0
         0
         0
         0
         0
         0
         0
         0
         0
         0
         0
         0
         0
         0
         0
         0
         0
         0
         0
         0
         0
         0
         0
         0
         0
         0
         0
         0
         0
         0
         0
         0
         0
         0
         0
         0
         0
         0
         0
         0
         0
         0
         0
         0
         0
         0
         0
         0
         0
         0
         0
         0
         0
         0
         0
         0
         0
         0
         0
         0
         0
         0
         0
         0
         0
         0
         0
         0
         0
         0
         0
         0
         0
         0
         0
         0
         0
         0
         0
         0
         0
         0
         0
         0
         0
         0
         0
         0
         0
         0
         0
         0
         0
         0
         0
         0
         0
         0
         0
         0
         0
         0
         0
         0
         0
         0
         0
         0
         0
         0
         0
         0
         0
         0
         0
         0
         0
         0
         0
         0
         0
         0
         0
         0
         0
         0
         0
         0
         0
         0
         0
         0
         0
         0
         0
         0
         0
         0
         0
         0
         0
         0
         0
         0
         0
         0
         0
         0
         0
         0
         0
         0
         0
         0
         0
         0
         0
         0
         0
         0
         0
         0
         0
         0
         0
         0
         0
         0
         0
         0
         0
         0
         0
         0
         0
         0
         0
         0
         0
         0
         0
         0
         0
         0
         0
         0
         0
         0
         0
         0
         0
         0
         0
         0
         0
         0
         0
         0
         0
         0
         0
         0
         0
         0
         0
         0
         0
         0
         0
         0
         0
         0
         0
         0
         0
         0
         0
         0
         0
         0
         0
         0
         0
         0
         0
         0
         0
         0
         0
         0
         0
         0
         0
         0
         0
         0
         0
         0
         0
         0
         0
         0
         0
         0
         0
         0
         0
         0
         0
         0
         0
         0
         0
         0
         0
         0
         0
         0
         0
         0
         0
         0
         0
         0
         0
         0
         0
         0
         0
         0
         0
         0
         0
         0
         0
         0
         0
         0
         0
         0
         0
         0
         0
         0
         0
         0
         0
         0
         0
         0
         0
         0
         0
         0
         0
         0
         0
         0
         0
         0
         0
         0
         0
         0
         0
         0
         0
         0
         0
         0
         0
         0
         0
         0
         0
         0
         0
         0
         0
         0
         0
         0
         0
         0
         0
         0
         0
         0
         0
         0
         0
         0
         0
         0
         0
         0
         0
         0
         0
         0
         0
         0
         0
         0
         0
         0
         0
         0
         0
         0
         0
         0
         0
         0
         0
         0
         0
         0
         0
         0
         0
         0
         0
         0
         0
         0
         0
         0
         0
         0
         0
         0
         0
         0
         0
         0
         0
         0
         0
         0
         0
         0
         0
         0
         0
         0
         0
         0
         0
         0
         0
         0
         0
         0
         0
         0
         0
         0
         0
         0
         0
         0
         0
         0
         0
         0
         0
         0
         0
         0
         0
         0
         0
         0
         0
         0
         0
         0
         0
         0
         0
         0
         0
         0
         0
         0
         0
         0
         0
         0
         0
         0
         0
         0
         0
         0
         0
         0
         0
         0
         0
         0
         0
         0
         0
         0
         0
         0
         0
         0
         0
         0
         0
         0
         0
         0
         0
         0
         0
         0
         0
         0
         0
         0
         0
         0
         0
         0
         0
         0
         0
         0
         0
         0
         0
         0
         0
         0
         0
         0
         0
         0
         0
         0
         0
         0
         0
         0
         0
         0
         0
         0
         0
         0
         0
         0
         0
         0
         0
         0
         0
         0
         0
         0
         0
         0
         0
         0
         0
         0
         0
         0
         0
         0
         0
         0
         0
         0
         0
         0
         0
         0
         0
         0
         0
         0
         0
         0
         0
         0
         0
         0
         0
         0
         0
         0
         0
         0
         0
         0
         0
         0
         0
         0
         0
         0
         0
         0
         0
         0
         0
         0
         0
         0
         0
         0
         0
         0
         0
         0
         0
         0
         0
         0
         0
         0
         0
         0
         0
         0
         0
         0
         0
         0
         0
         0
         0
         0
         0
         0
         0
         0
         0
         0
         0
         0
         0
         0
         0
         0
         0
         0
         0
         0
         0
         0
         0
         0
         0
         0
         0
         0
         0
         0
         0
         0
         0
         0
         0
         0
         0
         0
         0
         0
         0
         0
         0
         0
         0
         0
         0
         0
         0
         0
         0
         0
         0
         0
         0
         0
         0
         0
         0
         0
         0
         0
         0
         0
         0
         0
         0
         0
         0
         0
         0
         0
         0
         0
         0
         0
         0
         0
         0
         0
         0
         0
         0
         0
         0
         0
         0
         0
         0
         0
         0
         0
         0
         0
         0
         0
         0
         0
         0
         0
         0
         0
         0
         0
         0
         0
         0
         0
         0
         0
         0
         0
         0
         0
         0
         0
         0
         0
         0
         0
         0
         0
         0
         0
         0
         0
         0
         0
         0
         0
         0
         0
         0
         0
         0
         0
         0
         0
         0
         0
         0
         0
         0
         0
         0
         0
         0
         0
         0
         0
         0
         0
         0
         0
         0
         0
         0
         0
         0
         0
         0
         0
         0
         0
         0
         0
         0
         0
         0
         0
         0
         0
         0
         0
         0
         0
         0
         0
         0
         0
         0
         0
         0
         0
         0
         0
         0
         0
         0
         0
         0
         0
         0
         0
         0
         0
         0
         0
         0
         0
         0
         0
         0
         0
         0
         0
         0
         0
         0
         0
         0
         0
         0
         0
         0
         0
         0
         0
         0
         0
         0
         0
         0
         0
         0
         0
         0
         0
         0
         0
         0
         0
         0
         0
         0
         0
         0
         0
         0
         0
         0
         0
         0
         0
         0
         0
         0
         0
         0
         0
         0
         0
         0
         0
         0
         0
         0
         0
         0
         0
         0
         0
         0
         0
         0
         0
         0
         0
         0
         0
         0
         0
         0
         0
         0
         0
         0
         0
         0
         0
         0
         0
         0
         0
         0
         0
         0
         0
         0
         0
         0
         0
         0
         0
         0
         0
         0
         0
         0
         0
         0
         0
         0
         0
         0
         0
         0
         0
         0
         0
         0
         0
         0
         0
         0
         0
         0
         0
         0
         0
         0
         0
         0
         0
         0
         0
         0
         0
         0
         0
         0
         0
         0
         0
         0
         0
         0
         0
         0
         0
         0
         0
         0
         0
         0
         0
         0
         0
         0
         0
         0
         0
         0
         0
         0
         0
         0
         0
         0
         0
         0
         0
         0
         0
         0
         0
         0
         0
         0
         0
         0
         0
         0
         0
