         0
         0
         0
         0
         0
         0
         0
         0
         0
         0
     17734
     17790
     17826
     17748
     17956
     17820
     17831
     18069
     17950
     17970
     17990
     18060
     17964
     17851
     18306
     18382
     18249
     18070
     18345
     18216
     18245
     18570
     18141
     18248
     18437
     18258
     18421
     18179
     18202
     18354
     18254
     18175
     17987
     18050
     17964
     18174
     17924
     18094
     17881
     17933
     17879
     17886
     17663
     17550
     17508
     17674
     17600
     17480
     17664
     17406
     17326
     17488
     17519
     17615
     17481
     17647
     17609
     17791
     17525
     17431
     17538
     17485
     17538
     17452
     17385
     17337
     17410
     17285
     17301
     17323
     17254
     17145
     17242
     17456
     17356
     17584
     17278
     17323
     17308
     17280
     17122
     17049
     17379
     17486
     17060
     17169
     17317
     17289
     16985
     17220
     16986
     17047
     17035
     16867
     16968
     17207
     17094
     17148
     17135
     17094
     16973
     17381
     17222
     17158
     17474
     17108
     17281
     17156
     17169
     17361
     17319
     17561
     17398
     17379
     17640
     17548
     17570
     17262
     17515
     17654
     17665
     17358
     17471
     17544
     17535
     17485
     17582
     17739
     17906
     17824
     18070
     17788
     18116
     17708
     17917
     18030
     17939
     17754
     17661
     17829
     17676
     17868
     18002
     17753
     17858
     17869
     17770
     17873
     17879
     17603
     17834
     17632
     17865
     17511
     17925
     17655
     17732
     17758
     17758
     17833
     17758
     17863
     17859
     18007
     17569
     17644
     17862
     18081
     17998
     17828
     17981
     17863
     18121
     17859
     17907
     18056
     18013
     17773
     18003
     18144
     18067
     18242
     18374
     18152
     18261
     18427
     18353
     18431
     18609
     18468
     18793
     18712
     18914
     18964
     19306
     19293
     19268
     19656
     19757
     20200
     20291
     20130
     20614
     20463
     20964
     20796
     21338
     21042
     21088
     21219
     21413
     21301
     21622
     21331
     21503
     21449
     21799
     21659
     21593
     21754
     21383
     21513
     21498
     21421
     21521
     21273
     20975
     21675
     21258
     21303
     21456
     21234
     21126
     21172
     20904
     20876
     21003
     20780
     20892
     21016
     20690
     20735
     20705
     20779
     20323
     20441
     20715
     20637
     20389
     20602
     20283
     20498
     20273
     20379
     20111
     20085
     20176
     20059
     20086
     20059
     20075
     20020
     20111
     20096
     19970
     20041
     20074
     20215
     19937
     19798
     19754
     20080
     20136
     19920
     19951
     20166
     19863
     20052
     19691
     19898
     20144
     19750
     20048
     19742
     20135
     19763
     20052
     19866
     20025
     20103
     19834
     20212
     19936
     20119
     19819
     19967
     19770
     20049
     19846
     20065
     19890
     20052
     19950
     19867
     19993
     19682
     19758
     19535
     19548
     19780
     20002
     19710
     19914
     19603
     19437
     19764
     19473
     19627
     19367
     19320
     19426
     19370
     19133
     19410
     19329
     19469
     19202
     19148
     19450
     19409
     19120
     19220
     19381
     19305
     19056
     19377
     19075
     19207
     19269
     19200
     19180
     19115
     19336
     19323
     18841
     19187
     18994
     19077
     18962
     19129
     19096
     18775
     18935
     18885
     19051
     18840
     18771
     18741
     18813
     18809
     18895
     19102
     18859
     18561
     18855
     18844
     18717
     18966
     18684
     18733
     18833
     18952
     18765
     18923
     18416
     18790
     18739
     18891
     18659
     18746
     18879
     18859
     18784
     18813
     18681
     18420
     18415
     18732
     18654
     18628
     18438
     18651
     18684
     18667
     18857
     18795
     18511
     18850
     18648
     18560
     18618
     18536
     18792
     18231
     18552
     18567
     18282
     18550
     18526
     18465
     18482
     18368
     18128
     18261
     18493
     18595
     18575
     18531
     18451
     18251
     18440
     18581
     18539
     18381
     18374
     18470
     18089
     18453
     18435
     18214
     18163
     18107
     18526
     18561
     18179
     18214
     18229
     18611
     18451
     18202
     18474
     18293
     18495
     18357
     18354
     18323
     18432
     18167
     18308
     18534
     18333
     18351
     18291
     18532
     18072
     18147
     18358
     18477
     18329
     18400
     18368
     18243
     18142
     18407
     18272
     18338
     18319
     18182
     18403
     18218
     18412
     18307
     18322
     18524
     18378
     18005
     18246
     18384
     18447
     18319
     18230
     18401
     18088
     18104
     18451
     18448
     18451
     18236
     18177
     18204
     18239
     17993
     18126
     18276
     18277
     18090
     18318
     18454
     18224
     18518
     18324
     18257
     18382
     18449
     18269
     18137
     18026
     18244
     18204
     18071
     18222
     18231
     18366
     18260
     18340
     18438
     18482
     18296
     18241
     18207
     18328
     18350
     18342
     18096
     18187
     18329
     18125
     18076
     18397
     18300
     18321
     18249
     18427
     18062
     18283
     18234
     18276
     17961
     18467
     18488
     17987
     18269
     18498
     18158
     18401
     18469
     18330
     18313
     18210
     18410
     18228
     18379
     18304
     18073
     18205
     18228
     18299
     18496
     18258
     18301
     18401
     18422
     18512
     18444
     18156
     18532
     18240
     18544
     18468
     18353
     18284
     18390
     18142
     18504
     18455
     18349
     18444
     18418
     18293
     18246
     18514
     18385
     18482
     18281
     18583
     18503
     18394
     18598
     18494
     18525
     18755
     18503
     18860
     18441
     18566
     18571
     18798
     18652
     18466
     18755
     18552
     18716
     18821
     18385
     18764
     18877
     18690
     18807
     18688
     18608
     18437
     18991
     18498
     18813
     18609
     18614
     18716
     18911
     18865
     18394
     18839
     18880
     18769
     18598
     18841
     18678
     18569
     18968
     18905
     18839
     18715
     19272
     18860
     18796
     18993
     18871
     18827
     18694
     18948
     19292
     18881
     18826
     19117
     19100
     19103
     19169
     18895
     19088
     19035
     18979
     19379
     18976
     19125
     19024
     19219
     18827
     19170
     19228
     19027
     19165
     19076
     19301
     19403
     19406
     18951
     19379
     19212
     19490
     19145
     19211
     19003
     19087
     19203
     19342
     19314
     19291
     19384
     19297
     19475
     19113
     19167
     19531
     19401
     19249
     19319
     19449
     19309
     19317
     19283
     19310
     19732
     19406
     19609
     19417
     19501
     19477
     19402
     19649
     19255
     19597
     19441
     19521
     19551
     19407
     19719
     19376
     19758
     19610
     19591
     19770
     19652
     19983
     19707
     19618
     19762
     19905
     19740
     19929
     19965
     19896
     20010
     19972
     19943
     19729
     19938
     20181
     19871
     19915
     19979
     19822
     20144
     20050
     20125
     20157
     20180
     20079
     19991
     20335
     20357
     20123
     20292
     20357
     20658
     20257
     20418
     20421
     20543
     20355
     20440
     20686
     20439
     20452
     20358
     20357
     20297
     20571
     20684
     20848
     20513
     20700
     20683
     20615
     20536
     20517
     21016
     20986
     20917
     20851
     20925
     20907
     20837
     20864
     21039
     21072
     21296
     21219
     21041
     21076
     20947
     21042
     21200
     21381
     21271
     21158
     21394
     21365
     21145
     21717
     21507
     21557
     21601
     21626
     21381
     21616
     21552
     21582
     21427
     21642
     21889
     21696
     21944
     21598
     21886
     21884
     22035
     22230
     21982
     22199
     21936
     22044
     22411
     22291
     22132
     22404
     22222
     22050
     22428
     22398
     22274
     22117
     22503
     22424
     22457
     22607
     22191
     22547
     22407
     22416
     22540
     22568
     22651
     22619
     22453
     22607
     22559
     22662
     22731
     22898
     22693
     22571
     22563
     22802
     22649
     22717
     22992
     22693
     22670
     22951
     22778
     23010
     22971
     23063
     23390
     23097
     23061
     23060
     23126
     23241
     23177
     23142
     23129
     23205
     23233
     23342
     23345
     23373
     23087
     23196
     23703
     23372
     23384
     23440
     23679
     23713
     23730
     23614
     23761
     23625
     23913
     23839
     23782
     23730
     24014
     24052
     23873
     23850
     23849
     24225
     24361
     24145
     24210
     24312
     24159
     23910
     24326
     24325
     24281
     24202
     24228
     24274
     24240
     24373
     24402
     24329
     24340
     24529
     24543
     24437
     24532
     24549
     24563
     24392
     24266
     24515
     24458
     24236
     24580
     24292
     24534
     24312
     24115
     23880
     24306
     24228
     23760
     23634
     23823
     23543
     23678
     23685
     23425
     23619
     23379
     22900
     22908
     23024
     22841
     23070
     22751
     23126
     22635
     22471
     22466
     22078
     22125
     22153
     21800
     21898
     21815
     21364
     21614
     21334
     21220
     21054
     20671
     20811
     20610
     20790
     20259
     20414
     20067
     19820
     19675
     19563
     19592
     19410
     19364
     18999
     18746
     19068
     18569
     18650
     18494
     18503
     18066
     18024
     18370
     17966
     17803
     17850
     17701
     17558
     17331
     17102
     17548
     17021
     16862
     16702
     16728
     16734
     16740
     16603
     16627
     16429
     16130
     16363
     16128
     15942
     16009
     15876
     15938
     15973
     15775
     15713
     15813
     15687
     15786
     15733
     15433
     15388
     15480
     15684
     15304
     15186
     15489
     15496
     15359
     15181
     15404
     15418
     15330
     15330
     15034
     14767
     14908
     15249
     15026
     15090
     15145
     15199
     15134
     14938
     15095
     15129
     14932
     15006
     15127
     14828
     14985
     15065
     15109
     15000
     14811
     14939
     14914
     14991
     15152
     15186
     14891
     14738
     15212
     14775
     15042
     14870
     14976
     14839
     15032
     14811
     14913
     14844
     15228
     15111
     14945
     14818
     15127
     14980
     15056
     15112
     15120
     15447
     15510
     15287
     15305
     15433
     15504
     15362
     15348
     15751
     16134
     16256
     16254
     16361
     16567
     16757
     16617
     17208
     17334
     17305
     17844
     17858
     18457
     18799
     19222
     19217
     19916
     20181
     20811
     20968
     21667
     22473
     22661
     23582
     24109
     24619
     25559
     26082
     26720
     27629
     28762
     29057
     30259
     31318
     32040
     32919
     33806
     35017
     36672
     37491
     38726
     39454
     40784
     42391
     43827
     44861
     45748
     47256
     48349
     49797
     50863
     52303
     53826
     55577
     56485
     58091
     59346
     60858
     62210
     63106
     64913
     65737
     67346
     68308
     69091
     70866
     71897
     72941
     74204
     74724
     76229
     76632
     77549
     78180
     78960
     80247
     79860
     80734
     81403
     81621
     82611
     81644
     82840
     82589
     82792
     82493
     82360
     82012
     82114
     82259
     80897
     80755
     80279
     79654
     78424
     77729
     76908
     76367
     75333
     74283
     73126
     72031
     70784
     69659
     68288
     67263
     66275
     64335
     62552
     61407
     60184
     58362
     57304
     55592
     53931
     52573
     50936
     49608
     47881
     46459
     45127
     43457
     41609
     40717
     38996
     37504
     36401
     35238
     33604
     32457
     31006
     29482
     28590
     27135
     26120
     24756
     23806
     22666
     21927
     21203
     19970
     19122
     18392
     17399
     16747
     16101
     15331
     14721
     14036
     13619
     13059
     12566
     11866
     11610
     11438
     10944
     10537
     10486
     10142
      9843
      9784
      9845
      9661
      9511
      9631
      9618
      9788
      9988
      9964
      9986
     10508
     10601
     10761
     11227
     11580
     11860
     12172
     12609
     13174
     13749
     14169
     14684
     15191
     15936
     16333
     17180
     17856
     18543
     19320
     20517
     20999
     21933
     22560
     23779
     24509
     25687
     26309
     27466
     28243
     29523
     30275
     31306
     32530
     33318
     34691
     35850
     36767
     37974
     39135
     40201
     41193
     42722
     43307
     44419
     45707
     46679
     48182
     48734
     49966
     51066
     52126
     53013
     53899
     54987
     56433
     56541
     57705
     58244
     59355
     60153
     60756
     61412
     62066
     62322
     63243
     63538
     63804
     64591
     64523
     64886
     65333
     65546
     65077
     65626
     65607
     65789
     65657
     65442
     64983
     64799
     64355
     64096
     63710
     63146
     62785
     62591
     62053
     60796
     60035
     59867
     58796
     58224
     57414
     56329
     55394
     54423
     53384
     52398
     51415
     50453
     49163
     48307
     47199
     45889
     45401
     44020
     42734
     41948
     40622
     39669
     38525
     37192
     36256
     34932
     34108
     32757
     31723
     30486
     29085
     28487
     27158
     26393
     25529
     24093
     23500
     22345
     21545
     20758
     19858
     18956
     18010
     17157
     16450
     15684
     14745
     14132
     13429
     12731
     12357
     11471
     11069
     10360
      9934
      9298
      9021
      8330
      7858
      7478
      6919
      6579
      6248
      5889
      5559
      5174
      4761
      4613
      4231
      4071
      3672
      3448
      3197
      3070
      2777
      2709
      2453
      2323
      2180
      1986
      1849
      1858
      1652
      1569
      1510
      1316
      1217
      1151
      1091
      1018
       960
       859
       826
       821
       690
       714
       684
       607
       561
       556
       508
       477
       480
       408
       452
       417
       361
       348
       302
       302
       315
       290
       321
       257
       268
       249
       271
       280
       257
       257
       243
       220
       230
       200
       216
       202
       216
       205
       241
       221
       223
       205
       206
       209
       208
       209
       194
       202
       209
       201
       189
       190
       205
       186
       187
       194
       177
       172
       199
       176
       196
       175
       177
       185
       169
       171
       190
       185
       183
       192
       181
       190
       164
       195
       174
       182
       163
       198
       187
       169
       189
       198
       160
       183
       197
       206
       172
       190
       207
       191
       186
       178
       197
       170
       172
       189
       209
       176
       187
       195
       183
       220
       186
       202
       191
       203
       172
       177
       185
       190
       218
       183
       164
       198
       193
       178
       176
       175
       169
       205
       184
       181
       166
       203
       168
       193
       219
       202
       199
       188
       188
       184
       177
       181
       179
       177
       187
       206
       194
       185
       191
       192
       222
       201
       235
       187
       176
       181
       183
       173
       177
       182
       184
       197
       186
       215
       179
       196
       191
       184
       205
       194
       191
       200
       205
       161
       181
       169
       174
       177
       191
       193
       198
       186
       176
       196
       173
       197
       197
       173
       204
       208
       196
       203
       204
       192
       217
       192
       174
       179
       183
       184
       187
       191
       156
       192
       166
       180
       186
       190
       202
       186
       204
       185
       177
       163
       215
       199
       186
       193
       200
       194
       196
       204
       160
       201
       173
       170
       211
       180
       202
       197
       167
       179
       179
       170
       193
       201
       167
       185
       191
       210
       175
       188
       182
       191
       189
       204
       207
       199
       165
       181
       176
       192
       184
       161
       183
       168
       190
       212
       204
       176
       189
       177
       192
       174
       202
       193
       188
       170
       187
       201
       181
       167
       193
       177
       181
       175
       171
       177
       206
       169
       156
       164
       188
       185
       189
       166
       185
       174
       220
       202
       170
       188
       163
       151
       152
       169
       168
       178
       180
       202
       186
       157
       167
       173
       187
       175
       186
       181
       160
       139
       185
       180
       182
       188
       187
       186
       155
       175
       170
       173
       163
       192
       184
       172
       160
       172
       190
       187
       185
       177
       178
       163
       177
       177
       170
       167
       168
       182
       199
       148
       198
       177
       169
       167
       182
       166
       172
       185
       151
       184
       148
       176
       164
       171
       192
       183
       193
       184
       162
       172
       158
       155
       166
       176
       167
       173
       173
       165
       184
       174
       181
       164
       130
       149
       168
       161
       177
       181
       156
       170
       149
       159
       168
       171
       160
       169
       164
       161
       157
       140
       163
       177
       188
       187
       180
       166
       167
       152
       187
       169
       138
       142
       160
       160
       159
       165
       175
       170
       180
       170
       161
       166
       171
       174
       170
       156
       155
       171
       158
       141
       152
       158
       170
       170
       151
       184
       163
       169
       157
       194
       145
       183
       137
       150
       159
       140
       144
       143
       161
       154
       166
       185
       148
       162
       167
       153
       155
       168
       165
       143
       144
       148
       143
       177
       164
       157
       170
       165
       169
       151
       141
       165
       153
       178
       166
       171
       162
       164
       186
       138
       171
       154
       179
       181
       166
       170
       148
       162
       180
       147
       159
       151
       148
       175
       177
       148
       169
       173
       133
       174
       155
       185
       148
       178
       179
       154
       177
       183
       186
       164
       161
       164
       144
       155
       160
       145
       160
       161
       182
       147
       154
       155
       166
       165
       177
       138
       174
       144
       176
       167
       146
       154
       169
       181
       173
       139
       147
       157
       157
       166
       176
       151
       156
       148
       155
       154
       162
       161
       147
       158
       145
       159
       190
       166
       160
       150
       146
       165
       178
       165
       160
       173
       176
       160
       182
       130
       145
       166
       141
       141
       132
       163
       173
       162
       161
       169
       166
       167
       148
       168
       146
       158
       173
       161
       139
       165
       153
       133
       174
       136
       161
       164
       156
       163
       152
       154
       152
       158
       148
       161
       146
       151
       165
       162
       151
       166
       152
       150
       127
       145
       155
       158
       166
       154
       168
       152
       130
       141
       147
       152
       151
       158
       158
       160
       151
       152
       132
       160
       161
       151
       154
       141
       137
       157
       150
       157
       160
       154
       144
       162
       156
       151
       141
       159
       116
       155
       145
       145
       162
       131
       149
       156
       148
       137
       148
       152
       153
       150
       111
       157
       166
       136
       153
       139
       159
       160
       154
       156
       144
       146
       156
       154
       145
       155
       146
       133
       141
       140
       160
       141
       133
       133
       163
       132
       135
       156
       150
       146
       145
       151
       136
       146
       179
       140
       144
       138
       136
       122
       160
       155
       139
       130
       134
       153
       151
       155
       140
       128
       141
       154
       136
       146
       143
       135
       169
       139
       146
       132
       139
       136
       159
       156
       151
       149
       151
       143
       143
       170
       139
       141
       167
       148
       161
       160
       131
       156
       156
       166
       146
       151
       152
       141
       152
       145
       155
       146
       176
       134
       149
       134
       153
       153
       152
       144
       151
       155
       146
       125
       165
       145
       127
       131
       154
       161
       152
       152
       126
       154
       161
       145
       169
       159
       150
       152
       157
       138
       172
       142
       147
       158
       149
       157
       149
       165
       143
       150
       163
       167
       151
       160
       171
       156
       141
       149
       179
       155
       148
       152
       147
       163
       164
       152
       166
       165
       170
       155
       132
       160
       155
       139
       143
       153
       154
       170
       157
       170
       152
       144
       148
       164
       137
       162
       156
       139
       158
       151
       144
       145
       180
       125
       138
       131
       146
       133
       144
       139
       149
       173
       152
       148
       131
       162
       137
       133
       140
       139
       142
       128
       143
       135
       134
       131
       128
       127
       130
       146
       142
       118
       144
       121
       116
       119
       118
       109
       121
       132
       118
       113
       129
       118
       124
       108
       107
       103
       101
       104
       115
       114
       119
       108
       110
        99
        99
        93
       108
        78
        89
        94
       115
       108
        97
        93
       104
        85
        79
        68
        93
        79
        60
        74
        85
        87
        72
        76
        67
        72
        63
        64
        68
        55
        58
        57
        83
        76
        68
        51
        75
        59
        67
        61
        61
        60
        51
        38
        56
        45
        51
        39
        52
        56
        48
        43
        40
        46
        51
        51
        55
        30
        40
        51
        35
        34
        48
        42
        44
        45
        33
        48
        50
        45
        35
        49
        32
        35
        41
        39
        34
        39
        35
        43
        39
        36
        44
        43
        40
        41
        34
        54
        37
        40
        38
        45
        38
        38
        41
        42
        47
        46
        55
        62
        45
        51
        54
        45
        63
        62
        53
        46
        60
        56
        71
        69
        58
        62
        64
        67
        59
        56
        77
        72
        65
        75
        87
        90
        85
        88
        94
        90
       117
        93
       108
        85
       124
        97
        90
       114
       128
       109
       117
       124
       133
       131
       152
       148
       157
       143
       149
       138
       131
       169
       150
       159
       162
       176
       173
       179
       167
       176
       196
       197
       191
       202
       202
       196
       202
       199
       208
       224
       235
       208
       250
       232
       232
       250
       230
       245
       234
       260
       241
       292
       249
       251
       258
       271
       269
       277
       275
       286
       271
       279
       286
       282
       273
       299
       296
       275
       291
       314
       294
       289
       288
       290
       297
       301
       317
       320
       335
       320
       315
       284
       303
       309
       324
       308
       294
       316
       275
       272
       292
       313
       264
       289
       278
       280
       266
       275
       261
       303
       273
       292
       273
       258
       251
       252
       271
       236
       280
       221
       235
       250
       258
       225
       248
       240
       227
       222
       204
       229
       192
       200
       197
       202
       178
       191
       192
       192
       174
       183
       174
       183
       169
       184
       142
       157
       143
       139
       143
       153
       136
       161
       130
       155
       130
       109
       133
       119
       118
       115
       108
       107
        95
       109
        84
        90
        89
        82
        77
        71
        91
        67
        77
        60
        73
        68
        52
        60
        59
        53
        48
        43
        48
        53
        47
        47
        47
        46
        32
        35
        36
        28
        30
        36
        35
        25
        38
        28
        29
        21
        26
        27
        22
        17
        20
        15
        22
        14
        12
        16
        15
         9
        12
         7
        11
         7
         7
        12
        10
        10
         9
         8
         3
         8
        10
         7
         9
         4
         4
         5
         4
         9
         9
         6
         3
         4
         1
         5
         4
         2
         1
         2
         1
         5
         1
         2
         3
         2
         3
         0
         0
         0
         2
         0
         1
         1
         0
         0
         2
         0
         2
         2
         1
         0
         1
         0
         0
         0
         0
         1
         0
         1
         0
         0
         0
         0
         0
         0
         0
         0
         0
         0
         0
         0
         1
         0
         0
         0
         0
         0
         0
         0
         0
         0
         0
         0
         0
         0
         0
         0
         0
         0
         0
         0
         0
         0
         0
         0
         0
         0
         0
         0
         0
         0
         0
         0
         0
         0
         0
         0
         0
         0
         0
         0
         0
         0
         0
         0
         0
         0
         0
         0
         0
         0
         0
         0
         0
         0
         0
         0
         0
         0
         0
         0
         0
         0
         0
         0
         0
         0
         0
         0
         0
         0
         0
         0
         0
         0
         0
         0
         0
         0
         0
         0
         0
         0
         0
         0
         0
         0
         0
         0
         0
         0
         0
         0
         0
         0
         0
         0
         0
         0
         0
         0
         0
         0
         0
         0
         0
         0
         0
         0
         0
         0
         0
         0
         0
         0
         0
         0
         0
         0
         0
         0
         0
         0
         0
         0
         0
         0
         0
         0
         0
         0
         0
         0
         0
         0
         0
         0
         0
         0
         0
         0
         0
         0
         0
         0
         0
         0
         0
         0
         0
         0
         0
         0
         0
         0
         0
         0
         0
         0
         0
         0
         0
         0
         0
         0
         0
         0
         0
         0
         0
         0
         0
         0
         0
         0
         0
         0
         0
         0
         0
         0
         0
         0
         0
         0
         0
         0
         0
         0
         0
         0
         0
         0
         0
         0
         0
         0
         0
         0
         0
         0
         0
         0
         0
         0
         0
         0
         0
         0
         0
         0
         0
         0
         0
         0
         0
         0
         0
         0
         0
         0
         0
         0
         0
         0
         0
         0
         0
         0
         0
         0
         0
         0
         0
         0
         0
         0
         0
         0
         0
         0
         0
         0
         0
         0
         0
         0
         0
         0
         0
         0
         0
         0
         0
         0
         0
         0
         0
         0
         0
         0
         0
         0
         0
         0
         0
         0
         0
         0
         0
         0
         0
         0
         0
         0
         0
         0
         0
         0
         0
         0
         0
         0
         0
         0
         0
         0
         0
         0
         0
         0
         0
         0
         0
         0
         0
         0
         0
         0
         0
