         0
         0
         0
         0
         0
         0
         0
         0
         0
         0
     14716
     14803
     14661
     15087
     15052
     15129
     15183
     15016
     15057
     15096
     15369
     15283
     15276
     15287
     15228
     15663
     15315
     15513
     15664
     15461
     15516
     15318
     15542
     15595
     15715
     15774
     15828
     15819
     15868
     15766
     15778
     15882
     16086
     15967
     16027
     15891
     15961
     16147
     15758
     15730
     16001
     15946
     15957
     15828
     16020
     16072
     15788
     15915
     16220
     15809
     16276
     16152
     16022
     16328
     16357
     16465
     16534
     16619
     16491
     16612
     16535
     16968
     16727
     16962
     17112
     16986
     17507
     17436
     17458
     18039
     17958
     17922
     18501
     18517
     18770
     18985
     18890
     19539
     19718
     19951
     20138
     20230
     20725
     21016
     21210
     21353
     21595
     22207
     22250
     22688
     22781
     23209
     23217
     23407
     24235
     24446
     24710
     25230
     25494
     25795
     25930
     26041
     26662
     26967
     27399
     27598
     27889
     28218
     29069
     28976
     29316
     29477
     30374
     30247
     30545
     30563
     31254
     31464
     31443
     31780
     32227
     32368
     32247
     32528
     33164
     33310
     33550
     33587
     33705
     33959
     33855
     34191
     34226
     34313
     34738
     34341
     34835
     34826
     35427
     34919
     35118
     35330
     35341
     35413
     35314
     35501
     35641
     35487
     36023
     35727
     36142
     35702
     35657
     36020
     36126
     35864
     35899
     35886
     36424
     35667
     36132
     36385
     36278
     36041
     36213
     36237
     36276
     36350
     36625
     36434
     36669
     36335
     35898
     36698
     36829
     36178
     36703
     36705
     36558
     36635
     36670
     36461
     36693
     36608
     37085
     37261
     36765
     36940
     36904
     37290
     36854
     37557
     36773
     37453
     37692
     37928
     37616
     37981
     37958
     38423
     38567
     38475
     38702
     38341
     38734
     38706
     38723
     39123
     38893
     38803
     39202
     39000
     38973
     38955
     38785
     38907
     39084
     38628
     38559
     38728
     38420
     38722
     38810
     38124
     37915
     38125
     37656
     37988
     37233
     37539
     37323
     37034
     37154
     37074
     36991
     36809
     36567
     36396
     36376
     36389
     36199
     35639
     35455
     35373
     35562
     34938
     35345
     35082
     34857
     35013
     34760
     34676
     34642
     34228
     34307
     34086
     34072
     34104
     34056
     33804
     33522
     33684
     33575
     33314
     33272
     33160
     32863
     33107
     32892
     32859
     32590
     32109
     32389
     32252
     32131
     31851
     32255
     31689
     31891
     31481
     31994
     31330
     31554
     31037
     31158
     31218
     31159
     30711
     30775
     31001
     30524
     30608
     30401
     30378
     30123
     30065
     30004
     30413
     30136
     29744
     29949
     29820
     29657
     29858
     29715
     29438
     29319
     29043
     29341
     28706
     29009
     28980
     28656
     28724
     28411
     28575
     28169
     28342
     27855
     28068
     27793
     28100
     27709
     27604
     27508
     27576
     27430
     27666
     26970
     27024
     26911
     27226
     26888
     27269
     26788
     26875
     26771
     26581
     26476
     26490
     26218
     26423
     25979
     26196
     25854
     26225
     26135
     25700
     25553
     25498
     25517
     25529
     25787
     25443
     25363
     25389
     25594
     25247
     25099
     25012
     25218
     25041
     24714
     24690
     24968
     24508
     24779
     24699
     24220
     24641
     24601
     24475
     23962
     24135
     24280
     24130
     23935
     24060
     23766
     23999
     24094
     23714
     23844
     23748
     23465
     23393
     23540
     22990
     23020
     23437
     22966
     22953
     23369
     22973
     22790
     22628
     22709
     22899
     22714
     22531
     22891
     22491
     22703
     22461
     22307
     22411
     22271
     22531
     22084
     22068
     22223
     22190
     21978
     21751
     21993
     21885
     21849
     21963
     22051
     21576
     21654
     21712
     21562
     21592
     21455
     21284
     21444
     21320
     21208
     21313
     21062
     20762
     21197
     20857
     20802
     20650
     20898
     20952
     20899
     20822
     20558
     20837
     20550
     20743
     20615
     20075
     20248
     20577
     20251
     20293
     20359
     20574
     20259
     20233
     19941
     20233
     20072
     20146
     20019
     20008
     20042
     19845
     19817
     20057
     19861
     19953
     19620
     19893
     19708
     19544
     19695
     19531
     19555
     19548
     19523
     19259
     19592
     19283
     19277
     19061
     19082
     19389
     19418
     19135
     19306
     19308
     18926
     19322
     19360
     19047
     19337
     19418
     19034
     19077
     19032
     18980
     18948
     18928
     18768
     18976
     19181
     18836
     18983
     18587
     18537
     18671
     18699
     18586
     18709
     18568
     18556
     18374
     18391
     18506
     18211
     18234
     18145
     18311
     17835
     18106
     18205
     17986
     17792
     17931
     17859
     17996
     17639
     17889
     17796
     17614
     17837
     17474
     17717
     17560
     17577
     17519
     17587
     17614
     17643
     17459
     17089
     17274
     17375
     17362
     17245
     17309
     17101
     16919
     17528
     16981
     17039
     17343
     17131
     17028
     17080
     17035
     17118
     16946
     17038
     17105
     16848
     17006
     17027
     16823
     16762
     16688
     16793
     16732
     16636
     16658
     16633
     16801
     16452
     16723
     16804
     16419
     16760
     16427
     16397
     16625
     16224
     16717
     16470
     16555
     16453
     16360
     16563
     16172
     16389
     16170
     16400
     16209
     16062
     16292
     16182
     16139
     16378
     16299
     16013
     16064
     16166
     16125
     16095
     16155
     16070
     16158
     15961
     16089
     16216
     15785
     15819
     15752
     15941
     15870
     16032
     15825
     15827
     15821
     15610
     15709
     15487
     15623
     15802
     15763
     15529
     15553
     15810
     15471
     15950
     15626
     15670
     15639
     15361
     15570
     15655
     15415
     15675
     15501
     15673
     15556
     15570
     15471
     15523
     15302
     15483
     15417
     15342
     15488
     15413
     15470
     15455
     15428
     15421
     15433
     15109
     15269
     15395
     15337
     15240
     15265
     15279
     15269
     15197
     15303
     15155
     15087
     15161
     15135
     15151
     15320
     15272
     15235
     15057
     14947
     14918
     15084
     15055
     15113
     15166
     15093
     14795
     15131
     15036
     14981
     14899
     15009
     14964
     14909
     14858
     15064
     15043
     14984
     15073
     14934
     14908
     14834
     14668
     14760
     14848
     15015
     15075
     14897
     14917
     14597
     15143
     14652
     14856
     14754
     14608
     14678
     14767
     14602
     14505
     14501
     14731
     14585
     15033
     14703
     14637
     14617
     14536
     14648
     14506
     14596
     14481
     14679
     14687
     14412
     14713
     14298
     14487
     14568
     14598
     14580
     14551
     14636
     14658
     14613
     14730
     14325
     14389
     14699
     14420
     14325
     14379
     14396
     14289
     14614
     14448
     14396
     14209
     14480
     14249
     14393
     14525
     14282
     14371
     14586
     14196
     14418
     14590
     14356
     14398
     14572
     14246
     14372
     14367
     14409
     14358
     14389
     14426
     14285
     14346
     14415
     14470
     14315
     14355
     14372
     14222
     14284
     14399
     14504
     14525
     14381
     14274
     14348
     14441
     14234
     14240
     14113
     14491
     14469
     14450
     14348
     14449
     14286
     14582
     14444
     14394
     14380
     14611
     14195
     14439
     14320
     14168
     14367
     14501
     14546
     14248
     14578
     14329
     14320
     14353
     14530
     14464
     14237
     14579
     14624
     14230
     14544
     14445
     14135
     14461
     14680
     14491
     14494
     14489
     14339
     14314
     14454
     14064
     14256
     14245
     14294
     14253
     14284
     14392
     14363
     14515
     14291
     14122
     14211
     14187
     14378
     14171
     14217
     14448
     14284
     14258
     14251
     14296
     14482
     14373
     14356
     14238
     14486
     14261
     14171
     14255
     14277
     14334
     14116
     14155
     14297
     14268
     14202
     14150
     14315
     14233
     14378
     14268
     14295
     14502
     14355
     14278
     14344
     14334
     14240
     14522
     14417
     14171
     14323
     14544
     14241
     14197
     14385
     14196
     14313
     14258
     14445
     14368
     14328
     14287
     14452
     14219
     14180
     14213
     14120
     14211
     14255
     14311
     14203
     14226
     14093
     14301
     14311
     13975
     14242
     14451
     14229
     14136
     14147
     14123
     13879
     13997
     13995
     14036
     13969
     14005
     13852
     13942
     13895
     13948
     13860
     13884
     13661
     13528
     13622
     13575
     13650
     13505
     13761
     13460
     13426
     13424
     13485
     13324
     13358
     13329
     12934
     13054
     13121
     12960
     13216
     12937
     12780
     12810
     12784
     12570
     12622
     12490
     12705
     12434
     12377
     12209
     12160
     12486
     12193
     12353
     12071
     12150
     11918
     12040
     11918
     11671
     11622
     11744
     11619
     11545
     11724
     11470
     11357
     11436
     11205
     11058
     11343
     11020
     10914
     11091
     10990
     10978
     10906
     10813
     10878
     10935
     10613
     10845
     10615
     10658
     10463
     10589
     10321
     10599
     10581
     10313
     10370
     10590
     10601
     10385
     10349
     10292
     10176
     10261
     10253
     10259
     10307
     10185
     10226
     10222
     10093
     10036
     10045
     10038
     10196
      9859
      9968
      9961
      9823
      9991
      9945
      9885
      9815
     10120
      9916
     10052
      9833
      9860
      9804
      9814
      9773
      9665
      9829
      9838
      9767
      9675
      9794
      9516
      9808
      9730
      9648
      9595
      9714
      9556
      9709
      9611
      9498
      9567
      9444
      9480
      9619
      9565
      9460
      9736
      9502
      9641
      9566
      9644
      9481
      9446
      9509
      9364
      9446
      9488
      9524
      9278
      9397
      9532
      9486
      9590
      9670
      9552
      9358
      9524
      9788
      9447
      9679
      9641
      9569
      9528
      9803
      9728
      9914
      9915
      9715
     10056
      9987
     10225
     10264
     10229
     10478
     10552
     10628
     10669
     10992
     11023
     11091
     11210
     11570
     11574
     11770
     12173
     12090
     12490
     12665
     12796
     13197
     13415
     13847
     13915
     14518
     14796
     14970
     15339
     15608
     16310
     16596
     16593
     17254
     17794
     18064
     18428
     18895
     19480
     19737
     20085
     20959
     21472
     21800
     22322
     23023
     23473
     24032
     24321
     24539
     24971
     25827
     26360
     26558
     26798
     27338
     27560
     28274
     28779
     29217
     30095
     30076
     30402
     30680
     31172
     31381
     31544
     32159
     32212
     32320
     32415
     33146
     33045
     33245
     32598
     33324
     33296
     33502
     33482
     33462
     33323
     33017
     32857
     32444
     32693
     32315
     32393
     32037
     31486
     31120
     30884
     30440
     29979
     29844
     29571
     28981
     28523
     27779
     27407
     27116
     26811
     25989
     25783
     24912
     24309
     23743
     23038
     22474
     22043
     21605
     20918
     20302
     19763
     18769
     18467
     17896
     17115
     16738
     16145
     15592
     15256
     14423
     13986
     13586
     13138
     12521
     12108
     11634
     11436
     10822
     10538
     10104
      9800
      9289
      8720
      8585
      8448
      7911
      7911
      7447
      7162
      7036
      6702
      6501
      6322
      6098
      5938
      5869
      5687
      5429
      5491
      5401
      5198
      5226
      5113
      5046
      4912
      5008
      5101
      5123
      5086
      5092
      5087
      5204
      5405
      5373
      5613
      5697
      5869
      5827
      5997
      6240
      6329
      6580
      6808
      6969
      7397
      7372
      7769
      8121
      8311
      8663
      8903
      8959
      9458
      9907
     10060
     10359
     10645
     11155
     11633
     11763
     12340
     12765
     13082
     13626
     14119
     14417
     14820
     15103
     15530
     15805
     16400
     16829
     17307
     18099
     17954
     18588
     19093
     19278
     19999
     20121
     20700
     20830
     21309
     21760
     22017
     22247
     22777
     23180
     23438
     23842
     24011
     24480
     24234
     25087
     25190
     25130
     25518
     25215
     25922
     25980
     25901
     26455
     26299
     26494
     26465
     26136
     26474
     26065
     26048
     26081
     26372
     25831
     25651
     25526
     25472
     25100
     24952
     24697
     24590
     24343
     23959
     23578
     23498
     23284
     22580
     22439
     22093
     21473
     21280
     21105
     20614
     20103
     19631
     19122
     18896
     18693
     18001
     17530
     16929
     16778
     15938
     15577
     15245
     14542
     14297
     13718
     13310
     12916
     12467
     12172
     11740
     11141
     11040
     10530
      9950
      9645
      9186
      8845
      8337
      8056
      7641
      7432
      7208
      6647
      6413
      6137
      5866
      5580
      5188
      4969
      4744
      4544
      4287
      4160
      3763
      3642
      3464
      3280
      3074
      2899
      2752
      2553
      2358
      2271
      2171
      2005
      1808
      1760
      1694
      1610
      1507
      1353
      1224
      1217
      1130
      1063
       981
       900
       843
       800
       698
       697
       660
       597
       528
       492
       467
       467
       416
       374
       329
       285
       303
       271
       246
       222
       212
       200
       189
       200
       166
       160
       142
       147
       128
       107
       112
       112
       120
       101
        89
        87
        85
        70
        77
        87
        87
        69
        81
        58
        57
        60
        52
        58
        58
        57
        55
        55
        50
        70
        65
        44
        50
        58
        63
        55
        51
        40
        66
        57
        48
        48
        49
        46
        47
        49
        51
        57
        46
        55
        42
        52
        49
        50
        51
        47
        52
        45
        57
        44
        67
        42
        45
        51
        47
        42
        47
        48
        56
        44
        38
        51
        49
        54
        48
        38
        55
        48
        54
        44
        40
        46
        46
        40
        39
        45
        38
        53
        50
        39
        50
        59
        57
        45
        48
        48
        31
        44
        54
        44
        54
        37
        47
        53
        48
        51
        51
        48
        54
        59
        39
        46
        47
        37
        56
        38
        41
        53
        47
        41
        40
        46
        31
        60
        46
        48
        50
        44
        43
        49
        32
        45
        44
        52
        44
        41
        46
        38
        37
        29
        47
        32
        54
        43
        37
        38
        37
        46
        40
        45
        57
        38
        39
        41
        50
        42
        43
        36
        37
        42
        37
        45
        40
        31
        31
        35
        42
        33
        44
        42
        43
        41
        50
        42
        47
        36
        43
        46
        41
        44
        49
        36
        43
        45
        39
        41
        44
        43
        34
        38
        38
        35
        49
        32
        42
        39
        43
        29
        30
        35
        26
        28
        38
        38
        32
        44
        37
        43
        43
        27
        36
        34
        32
        34
        32
        35
        33
        45
        33
        33
        33
        53
        39
        34
        40
        30
        41
        27
        28
        38
        39
        26
        29
        32
        41
        42
        33
        33
        34
        41
        31
        29
        26
        29
        27
        24
        40
        25
        41
        31
        31
        37
        32
        34
        31
        30
        29
        40
        39
        34
        32
        41
        21
        41
        30
        36
        35
        28
        29
        38
        32
        25
        22
        26
        29
        24
        24
        40
        26
        35
        29
        30
        35
        43
        25
        27
        22
        37
        30
        20
        25
        25
        32
        36
        19
        27
        35
        34
        27
        28
        30
        30
        38
        25
        23
        25
        24
        37
        40
        30
        29
        19
        27
        20
        26
        34
        22
        28
        25
        33
        32
        30
        25
        27
        31
        28
        28
        25
        27
        26
        34
        32
        20
        22
        24
        25
        26
        28
        19
        33
        23
        20
        24
        14
        26
        26
        25
        29
        30
        27
        27
        24
        20
        32
        23
        34
        21
        33
        35
        29
        20
        23
        32
        23
        30
        20
        27
        30
        28
        27
        31
        24
        25
        28
        32
        20
        25
        24
        29
        26
        31
        29
        29
        23
        22
        16
        28
        27
        21
        28
        22
        20
        27
        22
        19
        22
        23
        19
        17
        22
        22
        17
        17
        22
        25
        23
        19
        23
        25
        26
        22
        25
        26
        30
        21
        20
        17
        32
        18
        13
        23
        25
        18
        27
        25
        18
        20
        19
        15
        20
        14
        26
        23
        23
        17
        25
        20
        25
        13
        17
        21
        22
        31
        31
        22
        21
        27
        25
        23
        17
        10
        28
        26
        20
        22
        28
        22
        26
        19
        20
        15
        16
        18
        23
        13
        12
        20
        19
        27
        19
        27
        20
        13
        23
        21
        13
        19
        19
        19
        25
        21
        16
        16
        28
        42
        19
        24
        28
        16
        27
        20
        22
        17
        22
        19
        22
        15
        25
        22
        18
        17
        14
        23
        21
        15
        14
        16
        20
        14
        24
        18
        19
        21
        21
        19
        20
        20
        19
        21
        23
        17
        25
        19
        23
        22
        12
        21
        19
        21
        20
        16
        17
        22
        21
        16
        14
        10
        23
        21
        18
        20
        19
        19
        22
        17
        19
        19
        17
        16
        11
        17
        17
        14
        18
        23
        16
        24
        14
        14
        16
        20
        21
        19
        14
        18
        12
        15
        20
        19
        18
        17
        16
        18
         9
        19
        23
        24
        19
        17
        20
        22
        12
        18
        29
        19
        17
        19
        23
        12
        18
        17
        13
        20
        20
        27
        20
        20
        11
        11
        15
        11
        15
        10
        10
        13
        19
        22
        20
        19
        17
        17
        15
        17
        28
        12
        13
        16
        12
        19
        16
         9
        19
        18
        21
        16
        17
        17
        19
        10
        21
        19
        18
        14
        14
        10
        16
        15
        16
        13
        18
        16
        13
        20
        18
        17
        19
        20
        21
        17
        15
        12
        11
        16
        16
        16
        17
        10
        12
        22
        16
        11
        19
        17
        13
        18
        15
        18
        14
        11
        22
         9
         7
        18
        18
        21
        20
        13
        12
         9
        15
        15
         9
        16
        18
        17
        20
        24
        18
        20
        17
        18
        21
        19
        12
        12
        17
        18
         9
        11
        18
        15
        20
        11
        22
        16
        13
        14
        12
        12
        18
        21
        20
        14
        13
        17
        15
        12
        17
        17
        16
        12
        14
        14
        14
        15
         8
        19
         9
        15
        16
        14
        20
        16
        15
        19
        12
        10
        10
        15
        19
        10
        20
        13
        14
        20
        14
        18
        16
        16
        14
        20
        13
        13
         8
        11
        15
        12
        15
        14
        14
        18
        15
        12
         9
        19
        10
        12
        16
        14
        12
        21
         8
         9
        15
        16
        27
        11
        19
         6
        20
        12
        11
        10
        15
         8
         8
        15
         9
         8
         8
        11
        12
        18
         8
        15
        14
        14
        10
        13
         9
        15
        14
        13
        12
        19
        18
         9
        11
        11
        13
        13
        12
        17
         9
        17
        14
        13
        13
        10
        10
        19
         9
        17
        12
         7
         9
        18
        12
         9
        14
         8
        11
        10
        13
        16
        12
         7
         9
        10
        11
        11
        15
        11
        14
        14
        10
         7
        13
         8
        11
        15
        10
         7
         5
        14
        12
         6
         6
        18
        12
        11
         8
        11
        13
        10
         5
         7
         6
        15
         9
        12
         6
         6
         7
         8
         8
         8
        12
         7
         3
        11
        12
         9
        10
         4
         4
         5
         6
         7
         5
        12
         4
         7
         7
         7
         7
         6
        13
        11
         5
         7
         5
         8
         6
         6
         8
         8
         9
         6
         9
         7
        10
         5
         8
         3
        10
        10
         3
         4
         6
         6
        10
         3
         5
         4
         4
         2
        10
         3
         3
         5
         7
         6
         7
         4
         6
         4
         6
         6
         3
         7
         4
         2
         8
         7
         3
         4
         6
        10
         9
         7
         9
         5
         6
         6
         7
         6
         6
        13
         9
         9
         8
         3
         7
         3
         8
         4
         9
         8
         1
         3
        11
         6
        10
        11
         5
         8
        13
         7
        14
        11
         9
        12
        11
        14
        14
        12
         7
         7
         9
         8
        12
         7
        15
        11
         6
        11
        10
        12
        16
         6
        15
        18
        13
        18
        16
        13
         7
        15
        15
         9
        13
        15
        11
        14
        20
        17
        15
        26
        14
        17
        17
        16
        12
        16
        20
        16
        14
        18
        12
        17
        21
        13
        19
        20
        12
        16
        13
        20
        18
        19
        23
        20
        11
        15
        20
        19
        19
        19
        13
        24
        23
        20
        19
        13
        19
        23
        23
        23
        31
        15
        22
        11
        22
        15
        25
        22
        22
        18
        22
        18
        16
        28
        20
        13
        23
        22
        16
        23
        23
         8
        15
        14
        24
        14
        17
        20
        14
        15
        15
        11
        14
         5
        16
        13
        13
        19
        12
        20
        14
        18
        14
         9
        17
        20
        14
        15
         9
         9
         9
         4
        13
         7
        12
         8
         7
        10
         5
         7
         8
        14
        11
         9
        10
         5
         7
         6
         9
         4
        10
        12
        10
        12
         4
         0
         1
         3
         4
         5
         3
         8
         5
         9
         7
         5
         7
         3
         1
         0
         3
         1
         5
         1
         3
         2
         3
         4
         2
         4
         2
         5
         1
         2
         1
         1
         0
         1
         2
         1
         3
         3
         2
         0
         3
         3
         2
         1
         1
         3
         1
         0
         2
         1
         0
         0
         0
         1
         1
         0
         0
         0
         2
         0
         1
         0
         0
         1
         0
         0
         0
         0
         0
         0
         0
         0
         0
         1
         0
         0
         0
         0
         1
         0
         0
         0
         0
         0
         0
         0
         0
         0
         1
         0
         0
         0
         0
         0
         0
         0
         0
         0
         0
         0
         0
         0
         0
         0
         0
         0
         0
         0
         0
         0
         0
         0
         0
         0
         0
         0
         0
         0
         0
         0
         0
         0
         0
         0
         0
         0
         0
         0
         0
         0
         0
         0
         0
         0
         0
         0
         0
         0
         0
         0
         0
         0
         0
         0
         0
         0
         0
         0
         0
         0
         0
         0
         0
         0
         0
         0
         0
         0
         0
         0
         0
         0
         0
         0
         0
         0
         0
         0
         0
         0
         0
         0
         0
         0
         0
         0
         0
         0
         0
         0
         0
         0
         0
         0
         0
         0
         0
         0
         0
         0
         0
         0
         0
         0
         0
         0
         0
         0
         0
         0
         0
         0
         0
         0
         0
         0
         0
         0
         0
         0
         0
         0
         0
         0
         0
         0
         0
         0
         0
         0
         0
         0
         0
         0
         0
         0
         0
         0
         0
         0
         0
         0
         0
         0
         0
         0
         0
         0
         0
         0
         0
         0
         0
         0
         0
         0
         0
         0
         0
         0
         0
         0
         0
         0
         0
         0
         0
         0
         0
         0
         0
         0
         0
         0
         0
         0
         0
         0
         0
         0
         0
         0
         0
         0
         0
         0
         0
         0
         0
         0
         0
         0
         0
         0
         0
         0
         0
         0
         0
         0
         0
         0
         0
         0
         0
         0
         0
         0
         0
         0
         0
         0
         0
         0
         0
         0
         0
         0
         0
         0
         0
         0
         0
         0
         0
         0
         0
         0
         0
         0
         0
         0
         0
         0
         0
         0
         0
         0
         0
         0
         0
         0
         0
         0
         0
         0
         0
         0
         0
         0
         0
         0
         0
         0
         0
         0
         0
         0
         0
         0
         0
         0
         0
         0
         0
         0
         0
         0
         0
         0
         0
         0
         0
         0
         0
         0
         0
         0
         0
         0
         0
         0
         0
         0
         0
         0
         0
         0
         0
         0
         0
         0
         0
         0
         0
         0
         0
         0
         0
         0
         0
         0
         0
         0
         0
         0
         0
         0
         0
         0
         0
         0
         0
         0
         0
         0
         0
         0
         0
         0
         0
         0
         0
         0
         0
         0
         0
         0
         0
         0
