         0
         0
         0
         0
         0
         0
         0
         0
         0
         0
      5099
      4903
      5087
      4993
      5129
      5055
      5159
      5111
      5084
      5153
      5193
      5175
      5104
      5200
      5292
      5240
      5237
      5349
      5350
      5390
      5314
      5314
      5368
      5373
      5418
      5388
      5404
      5333
      5238
      5382
      5275
      5261
      5242
      5440
      5284
      5238
      5222
      5238
      5263
      5336
      5149
      5209
      5107
      5240
      5248
      5127
      5250
      5123
      5184
      5167
      5101
      5038
      5048
      5071
      4987
      5091
      5163
      5114
      5117
      5162
      5137
      5001
      5093
      5127
      4992
      5161
      5223
      5175
      5053
      5057
      5024
      5056
      5105
      5201
      5115
      5066
      5193
      5153
      5070
      5112
      5030
      5081
      5022
      5053
      4983
      4971
      5039
      5152
      5064
      5042
      5098
      5062
      5162
      5104
      5128
      5073
      5072
      5080
      5091
      5047
      5045
      4923
      5044
      5234
      5187
      5126
      5150
      5152
      5170
      5280
      5183
      5257
      5171
      5287
      5280
      5393
      5193
      5284
      5269
      5383
      5194
      5352
      5456
      5291
      5361
      5422
      5433
      5515
      5383
      5506
      5396
      5492
      5474
      5416
      5432
      5480
      5497
      5455
      5523
      5584
      5400
      5380
      5460
      5490
      5456
      5433
      5529
      5418
      5531
      5607
      5437
      5532
      5256
      5492
      5325
      5430
      5411
      5326
      5341
      5309
      5299
      5332
      5415
      5266
      5488
      5404
      5350
      5358
      5288
      5343
      5450
      5358
      5375
      5447
      5525
      5408
      5639
      5368
      5491
      5506
      5541
      5518
      5475
      5612
      5661
      5606
      5649
      5717
      5786
      5706
      5690
      5707
      5907
      5787
      5997
      5847
      6071
      6022
      6151
      6112
      6173
      6285
      6365
      6331
      6433
      6445
      6314
      6574
      6533
      6519
      6512
      6602
      6633
      6664
      6691
      6570
      6563
      6609
      6510
      6521
      6639
      6705
      6486
      6596
      6575
      6563
      6557
      6603
      6492
      6568
      6545
      6393
      6461
      6411
      6476
      6587
      6476
      6459
      6537
      6590
      6560
      6580
      6478
      6423
      6294
      6456
      6445
      6381
      6452
      6445
      6377
      6355
      6490
      6413
      6339
      6274
      6391
      6225
      6261
      6160
      6370
      6246
      6196
      6284
      6336
      6206
      6226
      6282
      6219
      6328
      6174
      6354
      6128
      6237
      6274
      6242
      6328
      6173
      6133
      6125
      6289
      6074
      6214
      6107
      6208
      6241
      6235
      6121
      6270
      6228
      6177
      6175
      6177
      6265
      6250
      6267
      6393
      6306
      6208
      6138
      6161
      6097
      6063
      6166
      6187
      6175
      6275
      6260
      6100
      6034
      6192
      6122
      6154
      6122
      6288
      6012
      6044
      6078
      5941
      5952
      6129
      5909
      5899
      5890
      5858
      6014
      5758
      5855
      5881
      5965
      5935
      5817
      5944
      5895
      5732
      5954
      5845
      5892
      5968
      5661
      5712
      5909
      5901
      5964
      5911
      5814
      5802
      5787
      5745
      5837
      5830
      5804
      5847
      5797
      5828
      5751
      5964
      5806
      5836
      5987
      5814
      5809
      5752
      5616
      5925
      6048
      5878
      5759
      5774
      5760
      5831
      5874
      5901
      5794
      5812
      5836
      5848
      5967
      5860
      5924
      5774
      5890
      5869
      5924
      5887
      5822
      5818
      5929
      5923
      5920
      5865
      5963
      6069
      5850
      5935
      5849
      5787
      5798
      5852
      5792
      5864
      5956
      5752
      5769
      5882
      5794
      5802
      5630
      5779
      5780
      5768
      5779
      5737
      5955
      5876
      5757
      5913
      5859
      5821
      5736
      5805
      5774
      5848
      5579
      5784
      5788
      5763
      5869
      5715
      5779
      5822
      5650
      5842
      5724
      5752
      5790
      5646
      5840
      5727
      5777
      5784
      5635
      5728
      5762
      5705
      5796
      5761
      5783
      5824
      5780
      5795
      5748
      5720
      5752
      5697
      5800
      5780
      5664
      5628
      5763
      5773
      5743
      5782
      5811
      5738
      5785
      5772
      5836
      5854
      5812
      5683
      5833
      5774
      5720
      5931
      5789
      5993
      5854
      5826
      5650
      5722
      5714
      5717
      5862
      5818
      5787
      5928
      5727
      5956
      5819
      5715
      5702
      5770
      5972
      5770
      5937
      5808
      5841
      5850
      5797
      5791
      5773
      5747
      5764
      5873
      5639
      5828
      5733
      5738
      5832
      5653
      5729
      5732
      5741
      5805
      5888
      5828
      5735
      5725
      5649
      5773
      5721
      5760
      5672
      5763
      5687
      5768
      5585
      5602
      5716
      5712
      5634
      5530
      5808
      5713
      5599
      5722
      5759
      5695
      5748
      5699
      5781
      5673
      5634
      5795
      5676
      5736
      5686
      5760
      5724
      5638
      5815
      5763
      5769
      5767
      5823
      5753
      5684
      5925
      5768
      5781
      5725
      5813
      5758
      5839
      5943
      5805
      5805
      5788
      5904
      5821
      5836
      5826
      5878
      5828
      5938
      5901
      5932
      5906
      5840
      5868
      5882
      5962
      5976
      5856
      6018
      5852
      5888
      5893
      5930
      5952
      5983
      5845
      5960
      5986
      5999
      5874
      5978
      6066
      5973
      5969
      5715
      6043
      5914
      6082
      5926
      5977
      6066
      6040
      5918
      6012
      5936
      5874
      6045
      6016
      5963
      5983
      5921
      5947
      6030
      5991
      5962
      5812
      6121
      6045
      6141
      6050
      6056
      6048
      6171
      6078
      5903
      6065
      5984
      6076
      6059
      6090
      6117
      6184
      6248
      6038
      6158
      6247
      6137
      6005
      6146
      6113
      6070
      6246
      6211
      6152
      6261
      6099
      6145
      6148
      5962
      6189
      6128
      6176
      6078
      6247
      6156
      6195
      6237
      6181
      6112
      6098
      6184
      6166
      6071
      6049
      6160
      6055
      6149
      5997
      6124
      6231
      6093
      6200
      6147
      6000
      6224
      6183
      6104
      6175
      6019
      6209
      6290
      6103
      6122
      6131
      6035
      6304
      6289
      6182
      6238
      6174
      6066
      6153
      6376
      6125
      6251
      6110
      6050
      6206
      6248
      6243
      6197
      6105
      6236
      6136
      6282
      6080
      6281
      6255
      6280
      6234
      6210
      6340
      6297
      6286
      6231
      6263
      6217
      6247
      6352
      6316
      6246
      6308
      6314
      6392
      6309
      6349
      6369
      6377
      6284
      6243
      6448
      6465
      6267
      6379
      6426
      6324
      6423
      6495
      6449
      6494
      6487
      6351
      6450
      6518
      6447
      6530
      6524
      6418
      6505
      6565
      6546
      6516
      6573
      6457
      6479
      6685
      6482
      6650
      6655
      6723
      6718
      6580
      6793
      6735
      6761
      6601
      6671
      6835
      6608
      6779
      6671
      6648
      6847
      6711
      6708
      6766
      6719
      6813
      6829
      6971
      6884
      6973
      6952
      6934
      6894
      6924
      7079
      7036
      7069
      6982
      7097
      6948
      7112
      6916
      7095
      7166
      7225
      7094
      6908
      7083
      7129
      7145
      6992
      7091
      7152
      7165
      7292
      7084
      7022
      7162
      7217
      7344
      7201
      7151
      7194
      7123
      7218
      7363
      7149
      7354
      7210
      7240
      7225
      7142
      7192
      7349
      7296
      7322
      7257
      7433
      7334
      7283
      7202
      7362
      7361
      7300
      7357
      7365
      7427
      7469
      7167
      7356
      7474
      7414
      7490
      7455
      7456
      7585
      7431
      7477
      7535
      7450
      7517
      7490
      7500
      7839
      7490
      7407
      7546
      7607
      7603
      7623
      7543
      7684
      7519
      7565
      7658
      7703
      7618
      7535
      7763
      7688
      7626
      7742
      7555
      7733
      7783
      7873
      7872
      7772
      7627
      7934
      7794
      7773
      7802
      7689
      7768
      7618
      7836
      7901
      7849
      7593
      7910
      7785
      7852
      7601
      7745
      7955
      7770
      7739
      7733
      7974
      7775
      7615
      7665
      7817
      7855
      7655
      7650
      7822
      7672
      7626
      7519
      7560
      7894
      7726
      7594
      7457
      7689
      7481
      7374
      7683
      7470
      7395
      7363
      7224
      7321
      7237
      7345
      7235
      7224
      7213
      7207
      7288
      7155
      7165
      7107
      6911
      7078
      6990
      6984
      6929
      6725
      6790
      6750
      6783
      6579
      6682
      6479
      6635
      6360
      6500
      6309
      6385
      6266
      6270
      6340
      6126
      5987
      6090
      5974
      6141
      5979
      6028
      5910
      5788
      5877
      5910
      5790
      5642
      5851
      5656
      5610
      5774
      5552
      5481
      5509
      5550
      5461
      5393
      5455
      5357
      5475
      5419
      5329
      5382
      5243
      5085
      5363
      5079
      5136
      5299
      5218
      5202
      5127
      5165
      5011
      5192
      5157
      5229
      5041
      5049
      5034
      5129
      4962
      4970
      5042
      5025
      4926
      4895
      5027
      4951
      4911
      4996
      4954
      4845
      4731
      4813
      4780
      4882
      4872
      4951
      4921
      4896
      4840
      5003
      4947
      4921
      4878
      4825
      4809
      4908
      4786
      4799
      4832
      4938
      4857
      4890
      4797
      4785
      4833
      4831
      4808
      4754
      4878
      4781
      4762
      4801
      4818
      4744
      4783
      4921
      4870
      4800
      4875
      4742
      4698
      4915
      4855
      4614
      4921
      4680
      4903
      5015
      4956
      4883
      4933
      4835
      5113
      5019
      4997
      5132
      5165
      4997
      5216
      5127
      5203
      5480
      5364
      5555
      5557
      5592
      5742
      5711
      5962
      6065
      6156
      6229
      6312
      6656
      6677
      6995
      7033
      7220
      7288
      7669
      7934
      8019
      8365
      8619
      8851
      9018
      9424
      9568
      9962
     10036
     10510
     10935
     11325
     11439
     11723
     12352
     12860
     12903
     13471
     13942
     14455
     14790
     14880
     15354
     15815
     16462
     17097
     17328
     17964
     18072
     18456
     19064
     19281
     19629
     20195
     20505
     21184
     21366
     21929
     22408
     22805
     22966
     23372
     23739
     23821
     24577
     24492
     24695
     25184
     25322
     25798
     25583
     26020
     26067
     26149
     26403
     26533
     26363
     26289
     26430
     26477
     26470
     26195
     26062
     26113
     26026
     25730
     25473
     25494
     25029
     24963
     24836
     24636
     23923
     23775
     23351
     23281
     22862
     22276
     22129
     21454
     21165
     20648
     20311
     19871
     19343
     18601
     18416
     17814
     17479
     16659
     16454
     16171
     15351
     14711
     14319
     14080
     13245
     12867
     12528
     12102
     11668
     11160
     10913
     10156
     10026
      9588
      9061
      8770
      8318
      7966
      7654
      7320
      7025
      6714
      6390
      6108
      5784
      5635
      5326
      5086
      4866
      4765
      4354
      4227
      4125
      3923
      3817
      3809
      3486
      3441
      3338
      3215
      3358
      3212
      3126
      3011
      3043
      3156
      3004
      3074
      3052
      3104
      3010
      3210
      3298
      3348
      3393
      3443
      3658
      3724
      3804
      3909
      4179
      4345
      4401
      4524
      4807
      4942
      5170
      5465
      5669
      5961
      6294
      6418
      6766
      6971
      7196
      7414
      7808
      8130
      8477
      8641
      8866
      9220
      9496
     10152
     10256
     10762
     11183
     11452
     11655
     12151
     12274
     12822
     12826
     13541
     13873
     14308
     14615
     14974
     15331
     15753
     15840
     16202
     16567
     16895
     17133
     17391
     18140
     17923
     18368
     18598
     18995
     19170
     19699
     19705
     19922
     19763
     20031
     20272
     20445
     20495
     20478
     20793
     20693
     20795
     20662
     20916
     20854
     20773
     20764
     20600
     20707
     20850
     20597
     20204
     20185
     20483
     20081
     19767
     19646
     19559
     19322
     19059
     18737
     18551
     18271
     18071
     17954
     17310
     17001
     17022
     16619
     16032
     15682
     15556
     15215
     14618
     14395
     13989
     13589
     13210
     12825
     12543
     12251
     11814
     11709
     11127
     10726
     10539
     10070
      9774
      9408
      9043
      8797
      8399
      7940
      7768
      7507
      7146
      6817
      6445
      6209
      6067
      5721
      5407
      5218
      4941
      4712
      4391
      4279
      4066
      3824
      3505
      3358
      3265
      3189
      3004
      2714
      2634
      2460
      2373
      2256
      1919
      1874
      1870
      1776
      1548
      1460
      1398
      1300
      1224
      1113
      1042
       885
       918
       853
       804
       747
       650
       657
       546
       553
       514
       470
       448
       393
       338
       358
       326
       274
       274
       244
       215
       233
       190
       171
       148
       142
       127
       136
       135
       110
        84
       102
        84
        69
        61
        66
        51
        53
        38
        43
        31
        43
        37
        30
        34
        25
        26
        33
        16
        14
        19
        16
        16
        13
        20
        11
        20
        19
        11
        12
         8
        10
         6
        16
        10
         6
        13
        10
        12
        13
        10
        15
         9
         9
         9
        13
        12
         8
         9
         6
         9
        11
         7
        10
         6
         7
         9
         9
         8
         6
         5
        16
         7
         7
        10
        12
        11
        12
        12
        11
        10
         3
         5
        12
        10
        10
         9
        11
        19
        15
         8
         9
         4
         8
         8
        12
        12
        10
         6
         6
        12
         8
        12
         9
         5
        15
        14
        13
         8
        12
         8
        13
        17
         6
        12
        11
         9
         9
         8
        10
        12
        12
         5
         9
         9
        12
        13
        11
        11
        12
         8
        10
         8
        18
        10
         9
        11
        17
        10
        13
         9
         6
        14
         9
        13
         6
         9
        11
        12
         1
         8
        12
        12
         6
        11
         9
        11
         7
        11
        13
         8
        14
        15
        14
        12
        11
        12
        12
        10
        11
        10
         7
         9
        11
        11
         7
        15
         8
        11
        10
        10
        10
         9
         9
        10
        10
         9
        11
        14
        14
        10
        15
         7
        12
        11
         8
         6
         6
        11
         9
        11
         7
         9
         7
         7
         9
        13
         7
         7
         8
        11
         7
        11
        10
         9
         7
         9
         6
         4
         6
        13
         9
         8
         3
         4
         8
        13
        14
         9
        11
        11
         4
         7
        10
         9
         5
        12
         9
        10
        13
         8
         6
         8
        12
        10
         5
         5
         5
        10
         7
         3
         6
         6
        14
         9
        10
         6
         7
         9
         6
         7
         6
         4
        11
         7
         7
         8
         4
        10
        10
         7
         5
         8
        10
         7
         7
         5
         9
        10
         9
         9
         9
         9
        10
         4
        10
         2
         9
        12
         9
         4
         8
         8
        10
         5
        11
         6
         7
        11
         6
         4
         8
         7
        10
         9
         9
         4
        10
        11
         9
        10
         6
         6
         8
         0
         9
        10
         9
         7
         8
         4
         6
         9
         8
         7
         7
         8
         7
         9
         9
         6
         6
        10
         8
         5
         3
         5
         5
         9
         9
         8
         5
         6
        10
         9
         6
        10
        13
         7
         6
        10
        12
        13
         5
         4
         7
         4
         4
        12
         4
         5
         7
         4
         5
         8
         6
        11
         7
         7
         5
        12
         6
         5
         3
         7
         6
         5
        10
         5
         5
         5
         6
         4
         9
         7
         7
         5
         6
         4
         7
         7
         6
         8
         6
         7
         7
         9
         4
        12
         6
         6
         4
         2
         4
         7
         8
         9
         4
         4
         8
         6
         7
         5
         7
        11
         3
         6
         7
         5
         4
         6
        10
         7
         6
         6
         5
         3
         4
         9
         5
         4
        10
        11
         5
         5
         6
         9
         6
         8
         9
         9
         7
         4
         7
         7
         6
         8
         6
         5
         1
        10
         6
        12
         9
         8
         9
        10
         3
         8
        10
         6
         7
         9
         5
         3
         6
        10
        10
         3
         3
         3
        10
         6
        10
         5
         8
         9
         3
         6
        14
         7
         8
         6
         9
         8
         4
        12
        10
         1
        12
         9
         8
         9
         5
        13
         5
        11
         6
         7
         4
         6
         5
         5
         7
         9
         7
         6
         5
         6
        10
         8
         4
        11
         6
         8
         7
         3
         8
        11
         5
         7
         7
         6
         7
         8
         7
         7
         8
         8
        11
         6
         9
         6
         3
         5
         5
         6
        10
         2
         7
         5
         8
         6
        11
         6
         7
         6
        13
        14
        12
         2
         6
         9
         5
        10
         2
         5
         8
         4
         1
         6
         7
         9
        11
         5
         4
         4
         7
         5
         4
         8
         4
         5
        11
        11
         9
         7
         6
         8
         7
         6
         8
        10
         5
         7
         8
         5
         5
         7
         8
         6
         4
         8
         5
         6
         9
         9
         4
         5
         8
         7
         9
         5
         4
         5
        10
         8
         6
         6
         4
        12
         5
         5
         2
         4
        10
         9
        11
         6
         5
         5
         6
         4
         5
         3
         4
         8
         9
         7
         8
         7
         9
        13
         3
        12
         9
         3
        12
         7
         4
         5
        11
         9
        10
         7
         4
        11
         6
         4
         6
         6
        10
         4
         8
        11
         7
         8
         3
         7
         6
         9
         7
         7
        11
         7
        11
        12
        12
         9
         9
         8
         6
         9
         6
         9
         5
         6
         9
        10
        13
        12
        13
        11
         8
        10
         2
         5
         8
         7
         8
         8
        11
         8
         3
         5
        13
         6
         6
         9
         7
         9
        10
         7
         6
         7
         7
        13
         9
         6
        10
         8
        10
        12
         6
         9
        13
         6
        13
         8
         5
        10
         9
         7
         7
         7
        10
        10
         5
         7
         5
        12
         7
        12
         5
        11
        15
        17
         8
         8
         5
        11
        11
         8
        11
         9
        12
         8
        13
         3
        17
         6
         3
        12
        12
         8
         6
         7
         9
         4
         9
        12
         6
         8
        11
         7
        10
         8
         6
         8
         8
         8
        12
         8
        19
         8
         8
         6
         8
         7
         5
         4
         8
         9
        12
         5
         6
        10
         7
         2
        11
         7
         9
        10
         9
         9
         5
        10
        10
         5
        10
         6
        10
        13
         7
        11
        12
         9
         4
        13
        14
        12
        11
        13
         5
        12
         8
         4
        10
        11
        11
         9
         7
         9
         5
         9
         7
         4
         7
         4
         6
        12
         6
         9
        11
        10
         8
         4
         6
         6
         5
         8
         5
        10
         6
         4
         7
         4
         2
         7
         7
         4
         3
         3
         7
         5
         0
         3
         5
         5
         5
         3
         8
         4
         4
         5
         6
         6
         5
         6
        10
         5
         9
         2
         4
         7
         4
        11
         3
         9
         8
         4
         4
         1
         6
         5
         6
         5
         6
         6
         5
         6
         3
         3
         3
         6
         4
         3
         4
         5
         3
         4
         6
         4
         2
         2
         2
         6
         7
         4
         0
         5
         3
         5
         1
         0
         3
         5
         4
         2
         5
         1
         5
         2
         1
         1
         3
         1
         2
         0
         3
         2
         3
         0
         1
         3
         3
         0
         0
         2
         2
         3
         0
         1
         2
         1
         1
         1
         1
         0
         0
         1
         1
         3
         1
         0
         2
         4
         3
         2
         2
         2
         1
         0
         6
         1
         4
         4
         3
         4
         3
         2
         5
         1
         2
         1
         6
         1
         4
         3
         3
         2
         7
         5
         3
         2
         4
         4
         2
         7
         8
         2
         4
         6
         4
         5
         7
         2
         0
         3
         7
         4
         9
         3
         3
         5
         6
         3
         3
         3
         9
         7
         4
         8
        10
         8
        11
         9
         4
        11
         6
         9
        15
         9
         6
        15
        13
        15
         6
        10
         9
        12
         8
        14
        13
        12
        14
        14
         9
        14
        16
         8
        13
        16
        11
        15
         9
         9
         9
         7
         9
         9
        12
        10
        10
        11
        14
        12
        14
        13
        11
         9
        21
        10
         7
         7
        15
        17
        18
        14
        13
         7
        15
         7
        13
        16
        13
        20
        12
        18
        15
        17
        10
        13
        10
        11
        17
         9
        10
        11
        10
        15
        13
        15
        12
        10
        12
        14
         9
        12
         7
        17
        11
        11
        13
        14
         7
         9
         9
         5
         8
        11
        11
        19
        15
        11
         9
         6
         4
         5
         6
         6
         6
         7
         5
         7
         7
         9
         8
         9
        12
         8
         7
         5
         3
         6
         7
         2
         4
         6
         6
         5
         6
         6
         6
         6
         6
         7
         3
         1
         7
         4
         7
         3
         0
         0
         1
         5
         2
         2
         4
         4
         4
         3
         2
         2
         3
         1
         4
         4
         0
         1
         3
         3
         0
         0
         1
         2
         1
         1
         1
         2
         2
         0
         1
         0
         1
         0
         1
         2
         1
         0
         1
         1
         2
         0
         1
         0
         1
         0
         0
         0
         1
         0
         0
         0
         0
         0
         0
         0
         0
         0
         1
         0
         0
         0
         0
         0
         0
         0
         0
         0
         0
         0
         0
         0
         0
         0
         0
         0
         0
         0
         0
         0
         0
         0
         0
         0
         0
         0
         0
         0
         0
         1
         0
         0
         0
         0
         0
         0
         0
         0
         0
         0
         0
         0
         0
         0
         0
         0
         0
         0
         0
         0
         0
         0
         0
         0
         0
         0
         0
         0
         0
         0
         0
         0
         0
         0
         0
         0
         0
         0
         0
         0
         0
         0
         0
         0
         0
         0
         0
         0
         0
         0
         0
         0
         0
         0
         0
         0
         0
         0
         0
         0
         0
         0
         0
         0
         0
         0
         0
         0
         0
         0
         0
         0
         0
         0
         0
         0
         0
         0
         0
         0
         0
         0
         0
         0
         0
         0
         0
         0
         0
         0
         0
         0
         0
         0
         0
         0
         0
         0
         0
         0
         0
         0
         0
         0
         0
         0
         0
         0
         0
         0
         0
         0
         0
         0
         0
         0
         0
         0
         0
         0
         0
         0
         0
         0
         0
         0
         0
         0
         0
         0
         0
         0
         0
         0
         0
         0
         0
         0
         0
         0
         0
         0
         0
         0
         0
         0
         0
         0
         0
         0
         0
         0
         0
         0
         0
         0
         0
         0
         0
         0
         0
         0
         0
         0
         0
         0
         0
         0
         0
         0
         0
         0
         0
         0
         0
         0
         0
         0
         0
         0
         0
         0
         0
         0
         0
         0
         0
         0
         0
         0
         0
         0
         0
         0
         0
         0
         0
         0
         0
         0
         0
         0
         0
         0
         0
         0
         0
         0
         0
         0
         0
         0
         0
         0
         0
         0
         0
         0
         0
         0
         0
         0
         0
         0
         0
         0
         0
         0
         0
         0
         0
         0
         0
         0
         0
         0
         0
         0
         0
         0
         0
         0
         0
         0
         0
         0
         0
         0
         0
         0
         0
         0
         0
         0
         0
         0
         0
         0
         0
         0
         0
         0
         0
         0
         0
         0
         0
         0
         0
         0
         0
         0
         0
         0
         0
         0
         0
         0
         0
         0
         0
         0
         0
         0
         0
         0
         0
         0
         0
         0
         0
         0
         0
         0
         0
         0
         0
         0
         0
         0
         0
         0
         0
         0
         0
         0
         0
         0
         0
         0
         0
         0
         0
         0
         0
         0
         0
         0
         0
