         0
         0
         0
         0
         0
         0
         0
         0
         0
         0
      3639
      3687
      3934
      3934
      3720
      3787
      3825
      3804
      3788
      3951
      3948
      3891
      3958
      3817
      3908
      3881
      3922
      3951
      3779
      3830
      3868
      3978
      3965
      3935
      4092
      4043
      3938
      4100
      4053
      4009
      4060
      4061
      4046
      4132
      3896
      3987
      4051
      4079
      3997
      3991
      4045
      4085
      4159
      3964
      4190
      4102
      4129
      4180
      4125
      4105
      4203
      4031
      4160
      4276
      4173
      4227
      4269
      4262
      4204
      4349
      4230
      4268
      4455
      4488
      4434
      4566
      4545
      4657
      4600
      4647
      4810
      4779
      4844
      4925
      5027
      5094
      5013
      5108
      5183
      5231
      5313
      5508
      5618
      5629
      5703
      5775
      5866
      5885
      5988
      6098
      6238
      6434
      6638
      6532
      6644
      6820
      6913
      6969
      7086
      7115
      7314
      7477
      7413
      7611
      7774
      7743
      7914
      7855
      8072
      8167
      8230
      8440
      8478
      8491
      8494
      8890
      8596
      8737
      8814
      8861
      9024
      8922
      9008
      9123
      9265
      9203
      9157
      9609
      9473
      9396
      9404
      9730
      9704
      9581
      9677
      9701
      9793
      9813
      9944
      9938
      9907
      9830
     10030
     10178
      9901
      9956
     10051
      9964
     10127
     10325
     10340
     10503
     10157
     10322
     10267
     10405
     10537
     10478
     10622
     10518
     10856
     10517
     10884
     10968
     10753
     10805
     11017
     10943
     11171
     11049
     11299
     11153
     11142
     11219
     11476
     11507
     11613
     11611
     11474
     11709
     11510
     11774
     11882
     11706
     11388
     11425
     11559
     11695
     11588
     11686
     11639
     11414
     11586
     11561
     11586
     11510
     11499
     11529
     11496
     11543
     11143
     11259
     11258
     11227
     11146
     10985
     11167
     10950
     10975
     10957
     10921
     10924
     11005
     10647
     10773
     10877
     10721
     10662
     10591
     10420
     10629
     10481
     10494
     10482
     10295
     10385
     10137
     10316
     10119
     10148
     10065
     10179
     10128
     10063
     10130
     10095
     10123
      9855
     10008
      9978
      9816
      9787
     10016
      9868
      9706
      9724
      9499
      9448
      9681
      9783
      9650
      9568
      9702
      9381
      9364
      9327
      9379
      9429
      9392
      9443
      9350
      9211
      9365
      9359
      9240
      9160
      9290
      9184
      9131
      9113
      8984
      8755
      9054
      9036
      9030
      8924
      8783
      8864
      8879
      8835
      8827
      8828
      8752
      8860
      8735
      8830
      8750
      8498
      8699
      8436
      8447
      8491
      8565
      8496
      8509
      8394
      8383
      8475
      8405
      8199
      8398
      8328
      8263
      8045
      7946
      8138
      8254
      8187
      8006
      8181
      7965
      8134
      8140
      8041
      8103
      8063
      7911
      7954
      8000
      7876
      7826
      7993
      7787
      7812
      7758
      8050
      7736
      7786
      7852
      7622
      7679
      7659
      7725
      7506
      7596
      7476
      7647
      7559
      7504
      7400
      7588
      7462
      7372
      7450
      7485
      7453
      7066
      7315
      7279
      7348
      7154
      7196
      7355
      7295
      7193
      7187
      7222
      7087
      7101
      7156
      7169
      7018
      7074
      7061
      7205
      6865
      6889
      6851
      7070
      6949
      6879
      6821
      6976
      6900
      6979
      6986
      6852
      6883
      6810
      6765
      6854
      6764
      6728
      6729
      6837
      6897
      6762
      6723
      6647
      6625
      6490
      6563
      6659
      6577
      6762
      6706
      6652
      6488
      6572
      6575
      6604
      6555
      6518
      6452
      6638
      6572
      6645
      6497
      6547
      6498
      6644
      6530
      6618
      6509
      6401
      6473
      6520
      6512
      6557
      6469
      6465
      6523
      6454
      6486
      6518
      6292
      6350
      6303
      6445
      6518
      6471
      6375
      6371
      6319
      6409
      6331
      6194
      6305
      6193
      6181
      6096
      6243
      6054
      6215
      6044
      5962
      5976
      5918
      6056
      5900
      5896
      5802
      5864
      5824
      5763
      5686
      5812
      5697
      5679
      5530
      5533
      5534
      5652
      5406
      5283
      5435
      5342
      5268
      5314
      5053
      5077
      5065
      5125
      4999
      4817
      4781
      4748
      4874
      4822
      4681
      4602
      4569
      4496
      4553
      4475
      4391
      4426
      4348
      4351
      4266
      4222
      4308
      4230
      4227
      4065
      4147
      4229
      4158
      4009
      4135
      4160
      4003
      4002
      3937
      3974
      3830
      3994
      3943
      3910
      3908
      3836
      3878
      3864
      3706
      3858
      3775
      3738
      3765
      3681
      3691
      3700
      3789
      3734
      3753
      3767
      3673
      3666
      3685
      3718
      3562
      3678
      3678
      3642
      3600
      3692
      3728
      3552
      3712
      3633
      3580
      3552
      3573
      3541
      3585
      3508
      3491
      3503
      3523
      3486
      3487
      3501
      3564
      3608
      3515
      3480
      3466
      3461
      3402
      3531
      3450
      3414
      3471
      3424
      3505
      3488
      3425
      3426
      3413
      3453
      3357
      3416
      3447
      3450
      3534
      3445
      3379
      3418
      3255
      3333
      3371
      3379
      3428
      3436
      3470
      3427
      3514
      3578
      3571
      3553
      3559
      3669
      3699
      3704
      3767
      3836
      3890
      3963
      4061
      4181
      4243
      4340
      4493
      4710
      4804
      4975
      5218
      5400
      5721
      5830
      6188
      6307
      6667
      6966
      7418
      7655
      8154
      8547
      8824
      9386
      9630
     10202
     11035
     11328
     11621
     12442
     13067
     13387
     14192
     14556
     15112
     15822
     16095
     16962
     17643
     18033
     18886
     19289
     19799
     20223
     20716
     20883
     21530
     21700
     22144
     22337
     22623
     22981
     23102
     23225
     23000
     23078
     23043
     23263
     22953
     22697
     22651
     22151
     21838
     21677
     21195
     20928
     20484
     19786
     19269
     18962
     18283
     17714
     17060
     16318
     15811
     15210
     14451
     14003
     13120
     12508
     11939
     11272
     10790
     10127
      9354
      8719
      8267
      7721
      7148
      6630
      6224
      5684
      5351
      5074
      4502
      4170
      3765
      3483
      3136
      2942
      2580
      2394
      2220
      1935
      1729
      1506
      1403
      1226
      1134
       997
       928
       782
       688
       595
       522
       468
       393
       373
       312
       283
       255
       173
       181
       157
       137
       119
       108
        84
        62
        49
        66
        53
        42
        33
        28
        25
        17
        20
         8
        16
         9
         7
         5
         7
         3
         4
         2
         1
         2
         0
         1
         0
         2
         1
         2
         2
         0
         0
         0
         0
         1
         0
         0
         0
         0
         0
         0
         0
         0
         0
         0
         0
         0
         1
         0
         0
         0
         0
         0
         0
         0
         0
         0
         1
         0
         0
         0
         0
         0
         0
         0
         0
         0
         0
         0
         0
         0
         0
         0
         0
         0
         0
         0
         0
         0
         0
         0
         0
         0
         0
         0
         0
         0
         0
         0
         0
         0
         0
         0
         0
         0
         0
         0
         0
         0
         0
         0
         0
         0
         0
         0
         0
         0
         0
         0
         0
         0
         0
         0
         0
         0
         0
         0
         0
         0
         0
         0
         0
         0
         0
         0
         0
         0
         0
         0
         0
         0
         0
         0
         0
         0
         0
         0
         0
         0
         1
         0
         0
         0
         0
         0
         0
         0
         0
         0
         0
         0
         0
         0
         0
         0
         0
         0
         0
         0
         0
         0
         0
         0
         0
         0
         0
         0
         0
         0
         0
         0
         0
         0
         0
         0
         0
         0
         0
         0
         0
         0
         0
         0
         0
         0
         0
         0
         0
         0
         0
         0
         0
         0
         0
         0
         0
         0
         0
         0
         0
         0
         0
         0
         0
         0
         0
         0
         0
         0
         0
         0
         0
         0
         0
         0
         0
         0
         0
         0
         0
         0
         0
         0
         0
         0
         0
         0
         0
         0
         0
         0
         0
         0
         0
         0
         0
         0
         0
         0
         0
         0
         0
         0
         0
         0
         1
         0
         0
         0
         0
         0
         0
         0
         0
         0
         0
         0
         0
         0
         0
         0
         0
         0
         0
         0
         0
         0
         0
         0
         0
         0
         0
         0
         0
         0
         0
         0
         0
         0
         0
         0
         0
         0
         0
         0
         0
         0
         0
         0
         0
         0
         0
         0
         0
         0
         0
         0
         0
         0
         0
         0
         0
         0
         0
         0
         0
         0
         0
         0
         0
         0
         0
         0
         0
         0
         0
         0
         0
         0
         0
         0
         0
         0
         0
         0
         0
         0
         0
         0
         0
         0
         0
         0
         0
         0
         0
         0
         0
         0
         0
         0
         0
         0
         0
         0
         0
         0
         0
         0
         0
         0
         0
         0
         0
         0
         0
         0
         0
         0
         0
         0
         0
         0
         0
         0
         0
         0
         0
         0
         0
         0
         0
         0
         0
         0
         0
         0
         0
         0
         0
         0
         0
         0
         0
         0
         0
         0
         0
         0
         0
         0
         0
         0
         0
         0
         0
         0
         0
         0
         0
         0
         0
         0
         0
         0
         0
         0
         0
         0
         0
         0
         0
         0
         0
         0
         0
         0
         0
         0
         0
         0
         0
         0
         0
         0
         0
         0
         0
         0
         0
         0
         0
         0
         0
         0
         0
         0
         0
         0
         0
         0
         0
         0
         0
         0
         0
         0
         0
         0
         0
         0
         0
         0
         0
         0
         0
         0
         0
         0
         0
         0
         0
         0
         0
         0
         0
         0
         0
         0
         0
         0
         0
         0
         0
         0
         0
         0
         0
         0
         0
         0
         0
         0
         0
         0
         0
         0
         0
         0
         0
         0
         0
         0
         0
         0
         0
         0
         0
         0
         0
         0
         0
         0
         0
         0
         0
         0
         0
         0
         0
         0
         0
         0
         0
         0
         0
         0
         0
         0
         0
         0
         0
         0
         0
         0
         0
         0
         0
         0
         0
         0
         0
         0
         0
         0
         0
         0
         0
         0
         0
         0
         0
         0
         0
         0
         0
         0
         0
         0
         0
         0
         0
         0
         0
         0
         0
         0
         0
         0
         0
         0
         0
         0
         0
         0
         0
         0
         0
         0
         0
         0
         0
         0
         0
         0
         0
         0
         0
         0
         0
         0
         0
         0
         0
         0
         0
         0
         0
         0
         0
         0
         0
         0
         0
         0
         0
         0
         0
         0
         0
         0
         0
         0
         0
         0
         0
         0
         0
         0
         0
         0
         0
         0
         0
         0
         0
         0
         0
         0
         0
         0
         0
         0
         0
         0
         0
         0
         0
         0
         0
         0
         0
         0
         0
         0
         0
         0
         0
         0
         0
         0
         0
         0
         0
         0
         0
         0
         0
         0
         0
         0
         0
         0
         0
         0
         0
         0
         0
         0
         0
         0
         0
         0
         0
         0
         0
         0
         0
         0
         0
         0
         0
         0
         0
         0
         0
         0
         0
         0
         0
         0
         0
         0
         0
         0
         0
         0
         0
         0
         0
         0
         0
         0
         0
         0
         0
         0
         0
         0
         0
         0
         0
         0
         0
         0
         0
         0
         0
         0
         0
         0
         0
         0
         0
         0
         0
         0
         0
         0
         0
         0
         0
         0
         0
         0
         0
         0
         0
         0
         0
         0
         0
         0
         0
         0
         0
         0
         0
         0
         0
         0
         0
         0
         0
         0
         0
         0
         0
         0
         0
         0
         0
         0
         0
         0
         0
         0
         0
         0
         0
         0
         0
         0
         0
         0
         0
         0
         0
         0
         0
         0
         0
         0
         0
         0
         0
         0
         0
         0
         0
         0
         0
         0
         0
         0
         0
         0
         0
         0
         0
         0
         0
         0
         0
         0
         0
         0
         0
         0
         0
         0
         0
         0
         0
         0
         0
         0
         0
         0
         0
         0
         0
         0
         0
         0
         0
         0
         0
         0
         0
         0
         0
         0
         0
         0
         0
         0
         0
         0
         0
         0
         0
         0
         0
         0
         0
         0
         0
         0
         0
         0
         0
         0
         0
         0
         0
         0
         0
         0
         0
         0
         0
         0
         0
         0
         0
         0
         0
         0
         0
         0
         0
         0
         0
         0
         0
         0
         0
         0
         0
         0
         0
         0
         0
         0
         0
         0
         0
         0
         0
         0
         0
         0
         0
         0
         0
         0
         0
         0
         0
         0
         0
         0
         0
         0
         0
         0
         0
         0
         0
         0
         0
         0
         0
         0
         0
         0
         0
         0
         0
         0
         0
         0
         0
         0
         0
         0
         0
         0
         0
         0
         0
         0
         0
         0
         0
         0
         0
         0
         0
         0
         0
         0
         0
         0
         0
         0
         0
         0
         0
         0
         0
         0
         0
         0
         0
         0
         0
         0
         0
         0
         0
         0
         0
         0
         0
         0
         0
         0
         0
         0
         0
         0
         0
         0
         0
         0
         0
         0
         0
         0
         0
         0
         0
         0
         0
         0
         0
         0
         0
         0
         0
         0
         0
         0
         0
         0
         0
         0
         0
         0
         0
         0
         0
         0
         0
         0
         0
         0
         0
         0
         0
         0
         0
         0
         0
         0
         0
         0
         0
         0
         0
         0
         0
         0
         0
         0
         0
         0
         0
         0
         0
         0
         0
         0
         0
         0
         0
         0
         0
         0
         0
         0
         0
         0
         0
         0
         0
         0
         0
         0
         0
         0
         0
         0
         0
         0
         0
         0
         0
         0
         0
         0
         0
         0
         0
         0
         0
         0
         0
         0
         0
         0
         0
         0
         0
         0
         0
         0
         0
         0
         0
         0
         0
         0
         0
         0
         0
         0
         0
         0
         0
         0
         0
         0
         0
         0
         0
         0
         0
         0
         0
         0
         0
         0
         0
         0
         0
         0
         0
         0
         0
         0
         0
         0
         0
         0
         0
         0
         0
         0
         0
         0
         0
         0
         0
         0
         0
         0
         0
         0
         0
         0
         0
         0
         0
         0
         0
         0
         0
         0
         0
         0
         0
         0
         0
         0
         0
         0
         0
         0
         0
         0
         0
         0
         0
         0
         0
         0
         0
         0
         0
         0
         0
         0
         0
         0
         0
         0
         0
         0
         0
         0
         0
         0
         0
         0
         0
         0
         0
         0
         0
         0
         0
         0
         0
         0
         0
         0
         0
         0
         0
         0
         0
         0
         0
         0
         0
         0
         0
         0
         0
         0
         0
         0
         0
         0
         0
         0
         0
         0
         0
         0
         0
         0
         0
         0
         0
         0
         0
         0
         0
         0
         0
         0
         0
         0
         0
         0
         0
         0
         0
         0
         0
         0
         0
         0
         0
         0
         0
         0
         0
         0
         0
         0
         0
         0
         0
         0
         0
         0
         0
         0
         0
         0
         0
         0
         0
         0
         0
         0
         0
         0
         0
         0
         0
         0
         0
         0
         0
         0
         0
         0
         0
         0
         0
         0
         0
         0
         0
         0
         0
         0
         0
         0
         0
         0
         0
         0
         0
         0
         0
         0
         0
         0
         0
         0
         0
         0
         0
         0
         0
         0
         0
         0
         0
         0
         0
         0
         0
         0
         0
         0
         0
         0
         0
         0
         0
         0
         0
         0
         0
         0
         0
         0
         0
         0
         0
         0
         0
         0
         0
         0
         0
         0
         0
         0
         0
         0
         0
         0
         0
         0
         0
         0
         0
         0
         0
         0
         0
         0
         0
         0
         0
         0
         0
         0
         0
         0
         0
         0
         0
         0
         0
         0
         0
         0
         0
         0
         0
         0
         0
         0
         0
         0
         0
         0
         0
         0
         0
         0
         0
         0
         0
         0
         0
         0
         0
         0
         0
         0
         0
         0
         0
         0
         0
         0
         0
         0
         0
         0
         0
         0
         0
         0
         0
         0
         0
         0
         0
         0
         0
         0
         0
         0
         0
         0
         0
         0
         0
         0
         0
         0
         0
         0
         0
         0
         0
         0
         0
         0
         0
         0
         0
         0
         0
         0
         0
         0
         0
         0
         0
         0
         0
         0
         0
         0
         0
         0
         0
         0
         0
         0
         0
         0
         0
         0
         0
         0
         0
         0
         0
         0
         0
         0
         0
         0
         0
         0
         0
         0
         0
         0
         0
         0
         0
         0
         0
         0
         0
         0
         0
         0
         0
         0
         0
         0
         0
         0
         0
         0
         0
         0
         0
         0
         0
         0
         0
         0
         0
         0
         0
         0
         0
         0
         0
         0
         0
         0
         0
         0
         0
         0
         0
         0
         0
         0
         0
         0
         0
         0
         0
         0
         0
         0
         0
         0
         0
         0
         0
         0
         0
         0
         0
         0
         0
         0
         0
         0
         0
         0
         0
         0
         0
         0
         0
         0
         0
         0
         0
         0
         0
         0
         0
         0
         0
         0
         0
         0
         0
         0
         0
         0
         0
         0
         0
         0
         0
         0
         0
         0
         0
         0
         0
         0
         0
         0
         0
         0
         0
         0
         0
         0
         0
         0
         0
         0
         0
         0
         0
         0
         0
         0
         0
         0
         0
         0
         0
         0
         0
         0
         0
         0
         0
         0
         0
         0
         0
         0
         0
         0
         0
         0
         0
         0
         0
         0
         0
         0
         0
         0
         0
         0
         0
         0
         0
         0
         0
         0
         0
         0
         0
         0
         0
         0
         0
         0
         0
         0
         0
         0
         0
         0
         0
         0
         0
         0
         0
         0
         0
         0
         0
         0
         0
         0
         0
         0
         0
         0
         0
         0
         0
         0
         0
         0
         0
         0
         0
         0
         0
         0
         0
         0
         0
         0
         0
         0
         0
         0
         0
         0
         0
         0
         0
         0
         0
         0
         0
         0
         0
         0
         0
         0
         0
         0
         0
         0
         0
         0
         0
         0
         0
         0
         0
         0
         0
         0
         0
         0
         0
         0
         0
         0
         0
         0
         0
         0
         0
         0
         0
         0
         0
         0
         0
         0
         0
         0
         0
         0
         0
         0
         0
         0
         0
         0
         0
         0
         0
         0
         0
         0
         0
         0
         0
         0
         0
         0
         0
         0
         0
         0
         0
         0
         0
         0
         0
         0
         0
         0
         0
         0
         0
         0
         0
         0
         0
         0
         0
         0
         0
         0
         0
         0
         0
         0
         0
         0
         0
         0
         0
         0
         0
         0
         0
         0
         0
         0
         0
         0
         0
         0
         0
         0
         0
         0
         0
         0
         0
         0
         0
         0
         0
         0
         0
         0
         0
         0
         0
         0
         0
         0
         0
         0
         0
         0
         0
         0
         0
         0
         0
         0
         0
         0
         0
         0
         0
         0
         0
         0
         0
         0
         0
         0
         0
         0
         0
         0
         0
         0
         0
         0
         0
         0
         0
         0
         0
         0
         0
         0
         0
         0
         0
         0
         0
         0
         0
         0
         0
         0
         0
         0
         0
         0
         0
         0
         0
         0
         0
         0
         0
         0
         0
         0
         0
         0
         0
         0
         0
         0
         0
         0
         0
         0
         0
         0
         0
         0
         0
         0
         0
         0
         0
         0
         0
         0
         0
         0
         0
         0
         0
         0
         0
         0
         0
         0
         0
         0
         0
         0
         0
         0
         0
         0
         0
         0
         0
         0
         0
         0
         0
         0
         0
         0
         0
         0
         0
         0
         0
         0
         0
         0
         0
         0
         0
         0
         0
         0
         0
         0
         0
         0
         0
         0
         0
         0
         0
         0
         0
         0
         0
         0
         0
         0
         0
         0
         0
         0
         0
         0
         0
         0
         0
         0
         0
         0
         0
         0
         0
         0
         0
         0
         0
         0
         0
         0
         0
         0
         0
         0
         0
         0
         0
         0
         0
         0
         0
         0
         0
         0
         0
         0
         0
         0
         0
         0
         0
         0
         0
         0
         0
         0
         0
         0
         0
         0
         0
         0
         0
         0
         0
         0
         0
         0
         0
         0
         0
         0
         0
         0
         0
         0
         0
         0
         0
         0
         0
         0
         0
         0
         0
         0
         0
         0
         0
         0
         0
         0
         0
         0
         0
         0
         0
         0
         0
         0
         0
         0
         0
         0
         0
         0
         0
         0
         0
         0
         0
         0
         0
         0
         0
         0
         0
         0
         0
         0
         0
         0
         0
         0
         0
         0
         0
         0
         0
         0
         0
         0
         0
         0
         0
         0
         0
         0
         0
         0
         0
         0
         0
         0
         0
         0
         0
         0
         0
         0
         0
         0
         0
         0
         0
         0
         0
         0
         0
         0
         0
         0
         0
         0
         0
         0
         0
         0
         0
         0
         0
         0
         0
         0
         0
         0
         0
         0
         0
         0
         0
         0
         0
         0
         0
         0
         0
         0
         0
         0
         0
         0
         0
         0
         0
         0
         0
         0
         0
         0
         0
         0
         0
         0
         0
         0
         0
         0
         0
         0
         0
         0
         0
         0
         0
         0
         0
         0
         0
         0
         0
         0
         0
         0
         0
         0
         0
         0
         0
         0
         0
         0
         0
         0
         0
         0
         0
         0
         0
         0
         0
         0
         0
         0
         0
         0
         0
         0
         0
         0
         0
         0
         0
         0
         0
         0
         0
         0
         0
         0
         0
         0
         0
         0
         0
         0
         0
         0
         0
         0
         0
         0
         0
         0
         0
         0
         0
         0
         0
         0
         0
         0
         0
         0
         0
         0
         0
         0
         0
         0
         0
         0
         0
         0
         0
         0
         0
         0
         0
         0
         0
         0
         0
         0
         0
         0
         0
         0
         0
         0
         0
         0
         0
         0
         0
         0
         0
         0
         0
         0
         0
         0
         0
         0
         0
         0
         0
         0
         0
         0
         0
         0
         0
