         0
         0
         0
         0
         0
         0
         0
         0
         0
         0
      3631
      3690
      3712
      3705
      3738
      3710
      3811
      3718
      3797
      3892
      3843
      3859
      3881
      3762
      3918
      3907
      3808
      3898
      3894
      3883
      3906
      3862
      3954
      3871
      3884
      4034
      4028
      4032
      4100
      3888
      4049
      3969
      3877
      4017
      4064
      4050
      4032
      4001
      4152
      3895
      4023
      4041
      4023
      3985
      4096
      4112
      4096
      4034
      4059
      4036
      4053
      4039
      3986
      4055
      4125
      4166
      4116
      4211
      4177
      4247
      4451
      4395
      4385
      4494
      4421
      4293
      4515
      4528
      4739
      4694
      4765
      4851
      4853
      5046
      4961
      4911
      5037
      5248
      5415
      5249
      5369
      5506
      5580
      5650
      5760
      5774
      5891
      5874
      6155
      6298
      6349
      6462
      6504
      6695
      6721
      6836
      7044
      6950
      7164
      7475
      7514
      7590
      7561
      7668
      7856
      7892
      8118
      8366
      8315
      8327
      8414
      8604
      8478
      8696
      8747
      8969
      8902
      8992
      9227
      9077
      9126
      9216
      9426
      9325
      9534
      9466
      9573
      9598
      9638
      9837
      9842
      9801
      9842
      9966
     10056
      9935
     10093
     10204
     10173
     10269
     10303
     10223
     10443
     10448
     10457
     10633
     10522
     10635
     10533
     10620
     10630
     10681
     10739
     10885
     10744
     10683
     10866
     10819
     11016
     11042
     11024
     10915
     11340
     11122
     11234
     11276
     11338
     11233
     11366
     11356
     11470
     11438
     11581
     11583
     11715
     11808
     11634
     11711
     11651
     12063
     11777
     11781
     11700
     11959
     11671
     11731
     11810
     11840
     11673
     11596
     11738
     11732
     11700
     11593
     11663
     11665
     11746
     11530
     11653
     11472
     11569
     11661
     11359
     11288
     11190
     11334
     11408
     11139
     11034
     11199
     11296
     11030
     11186
     10968
     10964
     10876
     10902
     10728
     10835
     10863
     10711
     10819
     10545
     10786
     10583
     10685
     10530
     10606
     10505
     10498
     10110
     10389
     10166
     10411
     10217
     10239
     10253
     10349
     10273
     10015
     10131
     10131
     10038
     10212
     10064
     10108
      9915
      9929
      9892
      9704
      9960
      9837
      9847
      9758
      9655
      9781
      9683
      9657
      9720
      9461
      9741
      9821
      9445
      9554
      9392
      9615
      9382
      9457
      9478
      9341
      9288
      9316
      9351
      9295
      9144
      9174
      9156
      9227
      9138
      9035
      9025
      9177
      9128
      9066
      8954
      8971
      8756
      9089
      9024
      8773
      8831
      8767
      8889
      8670
      8719
      8789
      8691
      8597
      8565
      8564
      8721
      8695
      8682
      8647
      8542
      8403
      8422
      8387
      8579
      8323
      8287
      8439
      8291
      8117
      8254
      8214
      8159
      8147
      8018
      8030
      8104
      8004
      8022
      8025
      8023
      8083
      7955
      8124
      7938
      7928
      7932
      7999
      7892
      7806
      7754
      7770
      7680
      7847
      7592
      7499
      7820
      7836
      7824
      7718
      7436
      7654
      7601
      7518
      7408
      7360
      7523
      7444
      7575
      7458
      7300
      7419
      7472
      7317
      7357
      7249
      7366
      7288
      7303
      7235
      7107
      7304
      6971
      7171
      7222
      7184
      6997
      7117
      7124
      7056
      7049
      6972
      6928
      6967
      7064
      6859
      6879
      6857
      6812
      6807
      6882
      6794
      6978
      6815
      6843
      6716
      6713
      6642
      6787
      6650
      6712
      6684
      6796
      6822
      6667
      6843
      6718
      6784
      6535
      6782
      6727
      6675
      6579
      6489
      6632
      6636
      6708
      6484
      6710
      6462
      6591
      6564
      6382
      6510
      6527
      6546
      6369
      6621
      6479
      6553
      6400
      6411
      6289
      6398
      6418
      6372
      6471
      6440
      6472
      6290
      6366
      6281
      6140
      6167
      6168
      6274
      6144
      6278
      6149
      6213
      5971
      6210
      6102
      5963
      6047
      6087
      5919
      5960
      5900
      5876
      5877
      5740
      5743
      5716
      5581
      5722
      5675
      5397
      5555
      5339
      5440
      5281
      5435
      5458
      5327
      5212
      5224
      5300
      5076
      5192
      4922
      5034
      4912
      4929
      4792
      4783
      4810
      4751
      4547
      4585
      4612
      4624
      4568
      4478
      4602
      4459
      4409
      4301
      4354
      4345
      4320
      4230
      4150
      4304
      4165
      4292
      4198
      4139
      4252
      4222
      4106
      4063
      4088
      4156
      4092
      4020
      4134
      3979
      4003
      3970
      3988
      3976
      3874
      3993
      4059
      3949
      3975
      3896
      3814
      3867
      3897
      3808
      3882
      3797
      3877
      3835
      3878
      3796
      3759
      3816
      3855
      3713
      3784
      3728
      3671
      3603
      3758
      3695
      3721
      3801
      3771
      3769
      3707
      3662
      3534
      3673
      3626
      3592
      3534
      3498
      3692
      3707
      3690
      3556
      3603
      3668
      3552
      3597
      3644
      3557
      3541
      3484
      3409
      3523
      3599
      3480
      3595
      3455
      3547
      3484
      3491
      3419
      3609
      3665
      3581
      3441
      3501
      3541
      3668
      3483
      3533
      3571
      3609
      3681
      3628
      3707
      3638
      3739
      3867
      3811
      3820
      3823
      3993
      4075
      4137
      4192
      4353
      4411
      4547
      4753
      4870
      5021
      5258
      5443
      5625
      5676
      6150
      6290
      6518
      6696
      7141
      7484
      7898
      8200
      8464
      8975
      9427
      9836
     10254
     10692
     11097
     11636
     12255
     12516
     13061
     13533
     14101
     14981
     15206
     15497
     16056
     16552
     16922
     17385
     17623
     18029
     18615
     19021
     19076
     19419
     19632
     19811
     19971
     20434
     20193
     20087
     20348
     20221
     20029
     20094
     19951
     19411
     19564
     19031
     18884
     18740
     18100
     17904
     17356
     17038
     16616
     15869
     15379
     14975
     14328
     13694
     13429
     12676
     12066
     11606
     10932
     10316
      9698
      9244
      8633
      8433
      7704
      7078
      6624
      6370
      5775
      5440
      4930
      4662
      4251
      3855
      3720
      3420
      3022
      2735
      2423
      2269
      2080
      1839
      1702
      1564
      1348
      1237
      1111
       954
       860
       774
       644
       591
       555
       435
       417
       340
       322
       282
       241
       206
       154
       175
       131
       114
        96
        82
        72
        63
        53
        41
        39
        34
        26
        20
        18
        13
         8
         9
        16
         5
         6
         5
         4
         5
         3
         6
         1
         2
         2
         1
         0
         0
         0
         2
         0
         0
         0
         0
         1
         0
         1
         0
         0
         0
         0
         0
         0
         0
         0
         0
         0
         0
         0
         0
         0
         0
         0
         0
         0
         0
         0
         0
         0
         0
         0
         0
         0
         0
         0
         0
         0
         0
         0
         0
         0
         0
         0
         0
         0
         0
         0
         0
         0
         0
         0
         0
         0
         0
         0
         0
         0
         0
         0
         0
         0
         0
         0
         0
         0
         0
         0
         0
         0
         0
         0
         0
         0
         0
         0
         0
         0
         0
         0
         0
         0
         0
         0
         0
         0
         0
         0
         0
         0
         0
         0
         0
         0
         0
         0
         0
         0
         0
         0
         0
         0
         0
         0
         0
         0
         0
         0
         0
         0
         0
         0
         0
         0
         0
         0
         0
         0
         0
         0
         0
         0
         0
         0
         0
         0
         0
         0
         0
         0
         0
         0
         0
         0
         0
         0
         0
         0
         0
         0
         0
         0
         0
         0
         0
         0
         0
         0
         0
         0
         0
         0
         0
         0
         0
         0
         0
         0
         0
         0
         0
         0
         0
         0
         0
         0
         0
         0
         0
         0
         0
         0
         0
         0
         0
         0
         0
         0
         0
         0
         0
         0
         0
         0
         0
         0
         0
         0
         0
         0
         0
         0
         0
         0
         0
         0
         0
         0
         0
         0
         0
         0
         0
         0
         0
         0
         0
         0
         0
         0
         0
         0
         0
         0
         0
         0
         0
         0
         0
         0
         0
         0
         0
         0
         0
         0
         0
         0
         0
         0
         0
         0
         0
         0
         0
         0
         0
         0
         0
         0
         0
         0
         0
         0
         0
         0
         0
         0
         0
         0
         0
         0
         0
         0
         0
         0
         0
         0
         0
         0
         0
         0
         0
         0
         0
         0
         0
         0
         0
         0
         0
         0
         0
         0
         0
         0
         0
         0
         0
         0
         0
         0
         0
         0
         0
         0
         0
         0
         0
         0
         0
         0
         0
         0
         0
         0
         0
         0
         0
         0
         0
         0
         0
         0
         0
         0
         0
         0
         0
         0
         0
         0
         0
         0
         0
         0
         0
         0
         0
         0
         0
         0
         0
         0
         0
         0
         0
         0
         0
         0
         0
         0
         0
         0
         0
         0
         0
         0
         0
         0
         0
         0
         0
         0
         0
         0
         0
         0
         0
         0
         0
         0
         0
         0
         0
         0
         0
         0
         0
         0
         0
         0
         0
         0
         0
         0
         0
         0
         0
         0
         0
         0
         0
         0
         0
         0
         0
         0
         0
         0
         0
         0
         0
         0
         0
         0
         0
         0
         0
         0
         0
         0
         0
         0
         0
         0
         0
         0
         0
         0
         0
         0
         0
         0
         0
         0
         0
         0
         0
         0
         0
         0
         0
         0
         0
         0
         0
         0
         0
         0
         0
         0
         0
         0
         0
         0
         0
         0
         0
         0
         0
         0
         0
         0
         0
         0
         0
         0
         0
         0
         0
         0
         0
         0
         0
         0
         0
         0
         0
         0
         0
         0
         0
         0
         0
         0
         0
         0
         0
         0
         0
         0
         0
         0
         0
         0
         0
         0
         0
         0
         0
         0
         0
         0
         0
         0
         0
         0
         0
         0
         0
         0
         0
         0
         0
         0
         0
         0
         0
         0
         0
         0
         0
         0
         0
         0
         0
         0
         0
         0
         0
         0
         0
         0
         0
         0
         0
         0
         0
         0
         0
         0
         0
         0
         0
         0
         0
         0
         0
         0
         0
         0
         0
         0
         0
         0
         0
         0
         0
         0
         0
         0
         0
         0
         0
         0
         0
         0
         0
         0
         0
         0
         0
         0
         0
         0
         0
         0
         0
         0
         0
         0
         0
         0
         0
         0
         0
         0
         0
         0
         0
         0
         0
         0
         0
         0
         0
         0
         0
         0
         0
         0
         0
         0
         0
         0
         0
         0
         0
         0
         0
         0
         0
         0
         0
         0
         0
         0
         0
         0
         0
         0
         0
         0
         0
         0
         0
         0
         0
         0
         0
         0
         0
         0
         0
         0
         0
         0
         0
         0
         0
         0
         0
         0
         0
         0
         0
         0
         0
         0
         0
         0
         0
         0
         0
         0
         0
         0
         0
         0
         0
         0
         0
         0
         0
         0
         0
         0
         0
         0
         0
         0
         0
         0
         0
         0
         0
         0
         0
         0
         0
         0
         0
         0
         0
         0
         0
         0
         0
         0
         0
         0
         0
         0
         0
         0
         0
         0
         0
         0
         0
         0
         0
         0
         0
         0
         0
         0
         0
         0
         0
         0
         0
         0
         0
         0
         0
         0
         0
         0
         0
         0
         0
         0
         0
         0
         0
         0
         0
         0
         0
         0
         0
         0
         0
         0
         0
         0
         0
         0
         0
         0
         0
         0
         0
         0
         0
         0
         0
         0
         0
         0
         0
         0
         0
         0
         0
         0
         0
         0
         0
         0
         0
         0
         0
         0
         0
         0
         0
         0
         0
         0
         0
         0
         0
         0
         0
         0
         0
         0
         0
         0
         0
         0
         0
         0
         0
         0
         0
         0
         0
         0
         0
         0
         0
         0
         0
         0
         0
         0
         0
         0
         0
         0
         0
         0
         0
         0
         0
         0
         0
         0
         0
         0
         0
         0
         0
         0
         0
         0
         0
         0
         0
         0
         0
         0
         0
         0
         0
         0
         0
         0
         0
         0
         0
         0
         0
         0
         0
         0
         0
         0
         0
         0
         0
         0
         0
         0
         0
         0
         0
         0
         0
         0
         0
         0
         0
         0
         0
         0
         0
         0
         0
         0
         0
         0
         0
         0
         0
         0
         0
         0
         0
         0
         0
         0
         0
         0
         0
         0
         0
         0
         0
         0
         0
         0
         0
         0
         0
         0
         0
         0
         0
         0
         0
         0
         0
         0
         0
         0
         0
         0
         0
         0
         0
         0
         0
         0
         0
         0
         0
         0
         0
         0
         0
         0
         0
         0
         0
         0
         0
         0
         0
         0
         0
         0
         0
         0
         0
         0
         0
         0
         0
         0
         0
         0
         0
         0
         0
         0
         0
         0
         0
         0
         0
         0
         0
         0
         0
         0
         0
         0
         0
         0
         0
         0
         0
         0
         0
         0
         0
         0
         0
         0
         0
         0
         0
         0
         0
         0
         0
         0
         0
         0
         0
         0
         0
         0
         0
         0
         0
         0
         0
         0
         0
         0
         0
         0
         0
         0
         0
         0
         0
         0
         0
         0
         0
         0
         0
         0
         0
         0
         0
         0
         0
         0
         0
         0
         0
         0
         0
         0
         0
         0
         0
         0
         0
         0
         0
         0
         0
         0
         0
         0
         0
         0
         0
         0
         0
         0
         0
         0
         0
         0
         0
         0
         0
         0
         0
         0
         0
         0
         0
         0
         0
         0
         0
         0
         0
         0
         0
         0
         0
         0
         0
         0
         0
         0
         0
         0
         0
         0
         0
         0
         0
         0
         0
         0
         0
         0
         0
         0
         0
         0
         0
         0
         0
         0
         0
         0
         0
         0
         0
         0
         0
         0
         0
         0
         0
         0
         0
         0
         0
         0
         0
         0
         0
         0
         0
         0
         0
         0
         0
         0
         0
         0
         0
         0
         0
         0
         0
         0
         0
         0
         0
         0
         0
         0
         0
         0
         0
         0
         0
         0
         0
         0
         0
         0
         0
         0
         0
         0
         0
         0
         0
         0
         0
         0
         0
         0
         0
         0
         0
         0
         0
         0
         0
         0
         0
         0
         0
         0
         0
         0
         0
         0
         0
         0
         0
         0
         0
         0
         0
         0
         0
         0
         0
         0
         0
         0
         0
         0
         0
         0
         0
         0
         0
         0
         0
         0
         0
         0
         0
         0
         0
         0
         0
         0
         0
         0
         0
         0
         0
         0
         0
         0
         0
         0
         0
         0
         0
         0
         0
         0
         0
         0
         0
         0
         0
         0
         0
         0
         0
         0
         0
         0
         0
         0
         0
         0
         0
         0
         0
         0
         0
         0
         0
         0
         0
         0
         0
         0
         0
         0
         0
         0
         0
         0
         0
         0
         0
         0
         0
         0
         0
         0
         0
         0
         0
         0
         0
         0
         0
         0
         0
         0
         0
         0
         0
         0
         0
         0
         0
         0
         0
         0
         0
         0
         0
         0
         0
         0
         0
         0
         0
         0
         0
         0
         0
         0
         0
         0
         0
         0
         0
         0
         0
         0
         0
         0
         0
         0
         0
         0
         0
         0
         0
         0
         0
         0
         0
         0
         0
         0
         0
         0
         0
         0
         0
         0
         0
         0
         0
         0
         0
         0
         0
         0
         0
         0
         0
         0
         0
         0
         0
         0
         0
         0
         0
         0
         0
         0
         0
         0
         0
         0
         0
         0
         0
         0
         0
         0
         0
         0
         0
         0
         0
         0
         0
         0
         0
         0
         0
         0
         0
         0
         0
         0
         0
         0
         0
         0
         0
         0
         0
         0
         0
         0
         0
         0
         0
         0
         0
         0
         0
         0
         0
         0
         0
         0
         0
         0
         0
         0
         0
         0
         0
         0
         0
         0
         0
         0
         0
         0
         0
         0
         0
         0
         0
         0
         0
         0
         0
         0
         0
         0
         0
         0
         0
         0
         0
         0
         0
         0
         0
         0
         0
         0
         0
         0
         0
         0
         0
         0
         0
         0
         0
         0
         0
         0
         0
         0
         0
         0
         0
         0
         0
         0
         0
         0
         0
         0
         0
         0
         0
         0
         0
         0
         0
         0
         0
         0
         0
         0
         0
         0
         0
         0
         0
         0
         0
         0
         0
         0
         0
         0
         0
         0
         0
         0
         0
         0
         0
         0
         0
         0
         0
         0
         0
         0
         0
         0
         0
         0
         0
         0
         0
         0
         0
         0
         0
         0
         0
         0
         0
         0
         0
         0
         0
         0
         0
         0
         0
         0
         0
         0
         0
         0
         0
         0
         0
         0
         0
         0
         0
         0
         0
         0
         0
         0
         0
         0
         0
         0
         0
         0
         0
         0
         0
         0
         0
         0
         0
         0
         0
         0
         0
         0
         0
         0
         0
         0
         0
         0
         0
         0
         0
         0
         0
         0
         0
         0
         0
         0
         0
         0
         0
         0
         0
         0
         0
         0
         0
         0
         0
         0
         0
         0
         0
         0
         0
         0
         0
         0
         0
         0
         0
         0
         0
         0
         0
         0
         0
         0
         0
         0
         0
         0
         0
         0
         0
         0
         0
         0
         0
         0
         0
         0
         0
         0
         0
         0
         0
         0
         0
         0
         0
         0
         0
         0
         0
         0
         0
         0
         0
         0
         0
         0
         0
         0
         0
         0
         0
         0
         0
         0
         0
         0
         0
         0
         0
         0
         0
         0
         0
         0
         0
         0
         0
         0
         0
         0
         0
         0
         0
         0
         0
         0
         0
         0
         0
         0
         0
         0
         0
         0
         0
         0
         0
         0
         0
         0
         0
         0
         0
         0
         0
         0
         0
         0
         0
         0
         0
         0
         0
         0
         0
         0
         0
         0
         0
         0
         0
         0
         0
         0
         0
         0
         0
         0
         0
         0
         0
         0
         0
         0
         0
         0
         0
         0
         0
         0
         0
         0
         0
         0
         0
         0
         0
         0
         0
         0
         0
         0
         0
         0
         0
         0
         0
         0
         0
         0
         0
         0
         0
         0
         0
         0
         0
         0
         0
         0
         0
         0
         0
         0
         0
         0
         0
         0
         0
         0
         0
         0
         0
         0
         0
         0
         0
         0
         0
         0
         0
         0
         0
         0
         0
         0
         0
         0
         0
         0
         0
         0
         0
         0
         0
         0
         0
         0
         0
         0
         0
         0
         0
         0
         0
         0
         0
         0
         0
         0
         0
         0
         0
         0
         0
         0
         0
         0
         0
         0
         0
         0
         0
         0
         0
         0
         0
         0
         0
         0
         0
         0
         0
         0
         0
         0
         0
         0
         0
         0
         0
         0
         0
         0
         0
         0
         0
         0
         0
         0
         0
         0
         0
         0
         0
         0
         0
         0
         0
         0
         0
         0
         0
         0
         0
         0
         0
         0
         0
         0
         0
         0
         0
         0
         0
         0
         0
         0
         0
         0
         0
         0
         0
         0
         0
         0
         0
         0
         0
         0
         0
         0
         0
         0
         0
         0
         0
         0
         0
         0
         0
         0
         0
         0
         0
         0
         0
         0
         0
         0
         0
         0
         0
         0
         0
         0
         0
         0
         0
         0
         0
         0
         0
         0
         0
         0
         0
         0
         0
         0
         0
         0
         0
         0
         0
         0
         0
         0
         0
         0
         0
         0
         0
         0
         0
         0
         0
         0
         0
         0
         0
         0
         0
         0
         0
         0
         0
         0
         0
         0
         0
         0
         0
         0
         0
         0
         0
         0
         0
         0
         0
         0
         0
         0
         0
         0
         0
         0
         0
         0
         0
         0
         0
         0
         0
         0
         0
         0
         0
         0
         0
         0
         0
         0
         0
         0
         0
         0
         0
         0
         0
         0
         0
         0
         0
         0
         0
         0
         0
         0
         0
         0
         0
         0
         0
         0
         0
         0
         0
         0
         0
         0
         0
         0
         0
         0
         0
         0
         0
         0
         0
         0
         0
         0
         0
         0
         0
         0
         0
         0
         0
         0
         0
         0
         0
         0
         0
         0
         0
         0
         0
         0
         0
         0
         0
         0
         0
         0
         0
         0
         0
         0
         0
         0
         0
         0
         0
         0
         0
         0
         0
         0
         0
         0
         0
         0
         0
         0
         0
         0
         0
         0
         0
         0
         0
         0
         0
         0
         0
         0
         0
         0
         0
         0
         0
         0
         0
         0
         0
         0
         0
         0
         0
         0
         0
         0
         0
         0
         0
         0
         0
         0
         0
         0
         0
         0
         0
         0
         0
         0
         0
         0
         0
         0
         0
         0
         0
         0
         0
         0
         0
         0
         0
         0
         0
         0
         0
         0
         0
         0
         0
         0
         0
         0
         0
         0
         0
         0
         0
         0
         0
         0
         0
         0
         0
         0
         0
         0
         0
         0
         0
         0
         0
         0
         0
         0
         0
         0
         0
         0
         0
         0
         0
         0
         0
         0
         0
         0
         0
         0
         0
         0
         0
         0
         0
         0
         0
         0
         0
         0
         0
         0
         0
         0
         0
         0
         0
         0
         0
         0
         0
         0
         0
         0
         0
         0
         0
         0
         0
         0
         0
         0
         0
         0
         0
         0
         0
         0
         0
         0
         0
         0
         0
         0
         0
         0
         0
         0
         0
         0
         0
         0
         0
         0
         0
         0
         0
         0
         0
         0
         0
         0
         0
         0
         0
         0
         0
         0
         0
         0
         0
         0
         0
         0
         0
         0
         0
         0
         0
         0
         0
         0
         0
         0
         0
         0
         0
         0
         0
         0
         0
         0
         0
         0
         0
         0
         0
         0
         0
         0
         0
         0
         0
         0
         0
         0
         0
         0
         0
         0
         0
         0
         0
         0
         0
         0
         0
         0
