         0
         0
         0
         0
         0
         0
         0
         0
         0
         0
      4478
      4652
      4629
      4676
      4684
      4653
      4723
      4696
      4826
      4673
      4790
      4795
      4622
      4852
      4612
      4843
      4706
      4739
      4775
      4839
      4885
      4788
      4880
      4910
      4806
      4951
      4897
      4969
      4790
      4951
      4995
      4990
      4788
      4982
      4793
      4966
      5041
      5100
      4967
      5024
      4917
      4872
      4937
      5037
      5105
      4924
      5058
      5054
      5179
      4998
      5091
      4940
      5200
      5026
      5153
      5095
      5154
      5197
      5271
      5263
      5226
      5479
      5355
      5315
      5385
      5458
      5490
      5459
      5516
      5501
      5647
      5701
      5793
      5849
      5862
      6013
      6076
      5996
      6139
      6303
      6462
      6457
      6457
      6491
      6707
      6733
      6793
      7033
      6904
      6918
      7083
      7145
      7311
      7468
      7676
      7737
      7696
      7988
      7901
      7965
      8114
      8167
      8246
      8444
      8819
      8547
      8685
      8802
      8830
      9000
      9101
      9211
      9215
      9356
      9479
      9485
      9540
      9595
      9486
      9511
      9819
      9881
      9910
     10193
      9762
      9924
     10088
     10196
     10230
     10309
     10258
     10384
     10322
     10413
     10359
     10254
     10356
     10530
     10693
     10616
     10556
     10509
     10472
     10764
     10769
     10763
     10943
     10620
     10829
     11013
     11046
     11035
     10960
     10925
     11184
     11052
     11169
     11156
     11287
     11428
     11357
     11268
     11357
     11493
     11693
     11693
     11835
     12125
     12032
     12212
     12455
     12246
     12661
     12540
     12782
     12843
     13013
     12961
     12944
     12904
     13082
     13234
     13006
     13158
     13357
     13393
     13292
     13136
     13310
     13008
     13202
     13282
     13119
     13167
     12950
     12991
     12963
     12855
     12883
     13129
     12784
     12780
     12820
     12697
     12799
     12660
     12616
     12604
     12401
     12101
     12208
     12187
     12192
     12243
     12202
     12058
     12064
     11990
     11890
     12076
     12103
     11810
     11830
     11823
     11864
     11783
     11607
     11760
     11625
     11500
     11546
     11359
     11430
     11224
     11360
     11302
     11257
     11033
     11136
     11138
     11030
     11062
     11007
     10907
     10708
     10932
     10794
     10985
     10644
     10832
     10651
     10592
     10725
     10421
     10462
     10497
     10354
     10583
     10295
     10232
     10386
     10277
     10160
     10369
     10156
     10333
     10259
      9966
     10110
     10063
      9972
      9983
     10049
      9804
     10002
      9967
     10096
      9862
      9815
      9790
      9773
      9846
      9852
      9706
      9653
      9677
      9746
      9536
      9703
      9577
      9543
      9405
      9585
      9328
      9417
      9337
      9427
      9212
      9486
      9255
      9218
      9514
      9190
      8957
      9072
      9260
      9147
      9198
      9043
      9158
      9047
      8977
      9029
      9085
      8946
      8772
      8907
      9000
      9021
      8743
      8829
      8754
      8879
      8512
      8873
      8787
      8667
      8678
      8483
      8696
      8582
      8511
      8576
      8680
      8539
      8318
      8481
      8403
      8469
      8170
      8296
      8435
      8514
      8317
      8236
      8384
      8338
      8197
      8272
      8295
      8448
      8220
      8266
      8133
      8249
      8066
      8144
      8066
      8154
      7966
      7997
      8019
      8080
      7923
      8039
      8055
      8058
      7818
      7841
      7944
      7968
      7756
      7887
      7667
      7869
      7829
      7785
      7940
      7902
      7889
      7725
      7734
      7774
      7778
      7898
      7762
      7860
      7842
      7542
      7803
      7685
      7703
      7839
      7599
      7599
      7671
      7633
      7684
      7654
      7792
      7676
      7412
      7831
      7603
      7614
      7654
      7767
      7597
      7781
      7647
      7692
      7682
      7785
      7767
      7565
      7655
      7515
      7586
      7669
      7677
      7573
      7643
      7625
      7481
      7493
      7525
      7526
      7634
      7515
      7445
      7557
      7467
      7420
      7617
      7314
      7448
      7363
      7438
      7490
      7421
      7221
      7436
      7255
      7260
      7276
      7240
      7221
      7118
      7020
      7082
      7164
      6864
      6965
      6948
      6723
      6764
      6712
      6725
      6652
      6643
      6375
      6448
      6439
      6315
      6190
      6248
      6220
      6071
      5940
      5940
      6017
      5821
      5713
      5716
      5553
      5488
      5539
      5400
      5469
      5283
      5366
      5278
      5056
      5139
      5095
      4953
      4899
      4914
      4715
      4836
      4804
      4649
      4617
      4666
      4602
      4604
      4566
      4440
      4554
      4438
      4354
      4328
      4243
      4310
      4238
      4159
      4181
      4170
      4201
      4223
      4140
      4177
      4198
      4155
      4092
      4073
      4134
      4159
      4031
      4029
      3975
      3874
      4115
      3935
      3966
      4034
      3989
      4029
      3922
      3883
      3959
      3860
      3962
      3917
      3822
      3799
      3805
      3860
      3861
      3756
      3781
      3892
      3830
      3819
      3855
      3784
      3800
      3696
      3689
      3813
      3737
      3618
      3736
      3772
      3692
      3685
      3798
      3649
      3682
      3751
      3757
      3717
      3678
      3662
      3618
      3701
      3651
      3762
      3637
      3647
      3665
      3606
      3640
      3633
      3627
      3681
      3594
      3655
      3609
      3615
      3694
      3638
      3763
      3720
      3769
      3795
      3746
      3847
      4016
      3873
      4049
      4074
      3934
      4123
      4341
      4562
      4603
      4664
      4866
      5070
      5237
      5460
      5687
      5896
      6216
      6503
      6832
      7119
      7597
      7872
      8364
      8820
      9353
      9636
     10498
     10922
     11415
     12238
     12973
     13654
     14363
     15036
     16000
     16803
     17720
     18685
     19478
     20248
     21253
     22071
     22857
     23924
     25156
     25631
     26495
     27481
     28280
     28887
     29913
     30538
     31638
     31702
     32378
     33130
     33537
     33807
     34086
     34595
     34586
     34399
     34715
     34791
     34838
     34640
     34243
     34205
     34284
     33044
     33086
     32399
     31983
     30878
     30292
     29363
     28898
     27468
     26964
     25935
     24917
     24241
     23050
     22114
     20952
     19858
     18962
     18181
     17054
     16428
     15156
     14555
     13578
     12720
     11718
     10970
     10165
      9566
      8805
      8061
      7347
      6878
      6236
      5687
      5346
      4842
      4319
      4050
      3685
      3252
      2864
      2630
      2428
      2060
      1924
      1718
      1557
      1341
      1180
      1125
       919
       821
       669
       605
       583
       483
       388
       375
       299
       244
       240
       183
       164
       157
       134
       118
        96
        86
        67
        61
        45
        39
        40
        27
        36
        22
        17
        15
        10
         8
         8
         4
         1
         5
         4
         3
         3
         1
         4
         1
         0
         2
         2
         0
         1
         0
         0
         0
         0
         0
         0
         0
         0
         1
         0
         0
         1
         0
         0
         0
         0
         0
         0
         1
         1
         0
         0
         0
         0
         1
         1
         0
         0
         0
         0
         0
         0
         0
         0
         0
         0
         0
         0
         0
         0
         0
         0
         0
         0
         0
         0
         0
         0
         0
         0
         0
         0
         0
         0
         0
         0
         0
         0
         0
         0
         0
         0
         0
         0
         0
         0
         0
         0
         0
         0
         0
         1
         0
         0
         0
         1
         0
         0
         0
         0
         0
         0
         0
         0
         0
         0
         0
         0
         0
         0
         0
         1
         0
         1
         0
         0
         0
         0
         0
         0
         0
         0
         0
         0
         0
         0
         0
         0
         0
         0
         0
         0
         0
         0
         0
         0
         0
         0
         0
         0
         0
         0
         0
         0
         0
         0
         0
         0
         0
         1
         0
         0
         0
         0
         0
         0
         0
         0
         0
         0
         0
         0
         0
         0
         0
         0
         0
         0
         0
         0
         0
         0
         0
         0
         0
         0
         0
         0
         0
         0
         0
         0
         0
         0
         0
         0
         0
         0
         0
         0
         0
         0
         0
         0
         0
         0
         0
         0
         0
         0
         0
         0
         0
         0
         0
         0
         0
         0
         0
         0
         0
         0
         0
         0
         0
         0
         0
         0
         0
         0
         0
         0
         0
         0
         0
         0
         0
         0
         0
         0
         0
         0
         0
         0
         0
         0
         0
         0
         0
         0
         0
         0
         0
         0
         0
         0
         0
         0
         0
         0
         0
         0
         0
         0
         0
         0
         0
         0
         0
         0
         0
         0
         0
         0
         0
         0
         0
         0
         0
         0
         0
         0
         0
         0
         0
         0
         0
         0
         0
         0
         0
         0
         0
         0
         0
         0
         0
         0
         0
         0
         0
         0
         0
         0
         0
         0
         0
         0
         0
         0
         0
         0
         0
         0
         0
         0
         0
         0
         0
         0
         0
         0
         0
         0
         0
         0
         0
         0
         0
         0
         0
         0
         0
         0
         0
         0
         0
         0
         0
         0
         0
         0
         0
         0
         0
         0
         0
         0
         0
         0
         0
         0
         0
         0
         0
         0
         0
         0
         0
         0
         0
         0
         0
         0
         0
         0
         0
         0
         0
         0
         0
         0
         0
         0
         0
         0
         0
         0
         0
         0
         0
         0
         0
         0
         0
         0
         0
         0
         0
         0
         0
         0
         0
         0
         0
         0
         0
         0
         0
         0
         0
         0
         0
         0
         0
         0
         0
         0
         0
         0
         0
         0
         0
         0
         0
         0
         0
         0
         0
         0
         0
         0
         0
         0
         0
         0
         0
         0
         0
         0
         0
         0
         0
         0
         0
         0
         0
         0
         0
         0
         0
         0
         0
         0
         0
         0
         0
         0
         0
         0
         0
         0
         0
         0
         0
         0
         0
         0
         0
         0
         0
         0
         0
         0
         0
         0
         0
         0
         0
         0
         0
         0
         0
         0
         0
         0
         0
         0
         0
         0
         0
         0
         0
         0
         0
         0
         0
         0
         0
         0
         0
         0
         0
         0
         0
         0
         0
         0
         0
         0
         0
         0
         0
         0
         0
         0
         0
         0
         0
         0
         0
         0
         0
         0
         0
         0
         0
         0
         0
         0
         0
         0
         0
         0
         0
         0
         0
         0
         0
         0
         0
         0
         0
         0
         0
         0
         0
         0
         0
         0
         0
         0
         0
         0
         0
         0
         0
         0
         0
         0
         0
         0
         0
         0
         0
         0
         0
         0
         0
         0
         0
         0
         0
         0
         0
         0
         0
         0
         0
         0
         0
         0
         0
         0
         0
         0
         0
         0
         0
         0
         0
         0
         0
         0
         0
         0
         0
         0
         0
         0
         0
         0
         0
         0
         0
         0
         0
         0
         0
         0
         0
         0
         0
         0
         0
         0
         0
         0
         0
         0
         0
         0
         0
         0
         0
         0
         0
         0
         0
         0
         0
         0
         0
         0
         0
         0
         0
         0
         0
         0
         0
         0
         0
         0
         0
         0
         0
         0
         0
         0
         0
         0
         0
         0
         0
         0
         0
         0
         0
         0
         0
         0
         0
         0
         0
         0
         0
         0
         0
         0
         0
         0
         0
         0
         0
         0
         0
         0
         0
         0
         0
         0
         0
         0
         0
         0
         0
         0
         0
         0
         0
         0
         0
         0
         0
         0
         0
         0
         0
         0
         0
         0
         0
         0
         0
         0
         0
         0
         0
         0
         0
         0
         0
         0
         0
         0
         0
         0
         0
         0
         0
         0
         0
         0
         0
         0
         0
         0
         0
         0
         0
         0
         0
         0
         0
         0
         0
         0
         0
         0
         0
         0
         0
         0
         0
         0
         0
         0
         0
         0
         0
         0
         0
         0
         0
         0
         0
         0
         0
         0
         0
         0
         0
         0
         0
         0
         0
         0
         0
         0
         0
         0
         0
         0
         0
         0
         0
         0
         0
         0
         0
         0
         0
         0
         0
         0
         0
         0
         0
         0
         0
         0
         0
         0
         0
         0
         0
         0
         0
         0
         0
         0
         0
         0
         0
         0
         0
         0
         0
         0
         0
         0
         0
         0
         0
         0
         0
         0
         0
         0
         0
         0
         0
         0
         0
         0
         0
         0
         0
         0
         0
         0
         0
         0
         0
         0
         0
         0
         0
         0
         0
         0
         0
         0
         0
         0
         0
         0
         0
         0
         0
         0
         0
         0
         0
         0
         0
         0
         0
         0
         0
         0
         0
         0
         0
         0
         0
         0
         0
         0
         0
         0
         0
         0
         0
         0
         0
         0
         0
         0
         0
         0
         0
         0
         0
         0
         0
         0
         0
         0
         0
         0
         0
         0
         0
         0
         0
         0
         0
         0
         0
         0
         0
         0
         0
         0
         0
         0
         0
         0
         0
         0
         0
         0
         0
         0
         0
         0
         0
         0
         0
         0
         0
         0
         0
         0
         0
         0
         0
         0
         0
         0
         0
         0
         0
         0
         0
         0
         0
         0
         0
         0
         0
         0
         0
         0
         0
         0
         0
         0
         0
         0
         0
         0
         0
         0
         0
         0
         0
         0
         0
         0
         0
         0
         0
         0
         0
         0
         0
         0
         0
         0
         0
         0
         0
         0
         0
         0
         0
         0
         0
         0
         0
         0
         0
         0
         0
         0
         0
         0
         0
         0
         0
         0
         0
         0
         0
         0
         0
         0
         0
         0
         0
         0
         0
         0
         0
         0
         0
         0
         0
         0
         0
         0
         0
         0
         0
         0
         0
         0
         0
         0
         0
         0
         0
         0
         0
         0
         0
         0
         0
         0
         0
         0
         0
         0
         0
         0
         0
         0
         0
         0
         0
         0
         0
         0
         0
         0
         0
         0
         0
         0
         0
         0
         0
         0
         0
         0
         0
         0
         0
         0
         0
         0
         0
         0
         0
         0
         0
         0
         0
         0
         0
         0
         0
         0
         0
         0
         0
         0
         0
         0
         0
         0
         0
         0
         0
         0
         0
         0
         0
         0
         0
         0
         0
         0
         0
         0
         0
         0
         0
         0
         0
         0
         0
         0
         0
         0
         0
         0
         0
         0
         0
         0
         0
         0
         0
         0
         0
         0
         0
         0
         0
         0
         0
         0
         0
         0
         0
         0
         0
         0
         0
         0
         0
         0
         0
         0
         0
         0
         0
         0
         0
         0
         0
         0
         0
         0
         0
         0
         0
         0
         0
         0
         0
         0
         0
         0
         0
         0
         0
         0
         0
         0
         0
         0
         0
         0
         0
         0
         0
         0
         0
         0
         0
         0
         0
         0
         0
         0
         0
         0
         0
         0
         0
         0
         0
         0
         0
         0
         0
         0
         0
         0
         0
         0
         0
         0
         0
         0
         0
         0
         0
         0
         0
         0
         0
         0
         0
         0
         0
         0
         0
         0
         0
         0
         0
         0
         0
         0
         0
         0
         0
         0
         0
         0
         0
         0
         0
         0
         0
         0
         0
         0
         0
         0
         0
         0
         0
         0
         0
         0
         0
         0
         0
         0
         0
         0
         0
         0
         0
         0
         0
         0
         0
         0
         0
         0
         0
         0
         0
         0
         0
         0
         0
         0
         0
         0
         0
         0
         0
         0
         0
         0
         0
         0
         0
         0
         0
         0
         0
         0
         0
         0
         0
         0
         0
         0
         0
         0
         0
         0
         0
         0
         0
         0
         0
         0
         0
         0
         0
         0
         0
         0
         0
         0
         0
         0
         0
         0
         0
         0
         0
         0
         0
         0
         0
         0
         0
         0
         0
         0
         0
         0
         0
         0
         0
         0
         0
         0
         0
         0
         0
         0
         0
         0
         0
         0
         0
         0
         0
         0
         0
         0
         0
         0
         0
         0
         0
         0
         0
         0
         0
         0
         0
         0
         0
         0
         0
         0
         0
         0
         0
         0
         0
         0
         0
         0
         0
         0
         0
         0
         0
         0
         0
         0
         0
         0
         0
         0
         0
         0
         0
         0
         0
         0
         0
         0
         0
         0
         0
         0
         0
         0
         0
         0
         0
         0
         0
         0
         0
         0
         0
         0
         0
         0
         0
         0
         0
         0
         0
         0
         0
         0
         0
         0
         0
         0
         0
         0
         0
         0
         0
         0
         0
         0
         0
         0
         0
         0
         0
         0
         0
         0
         0
         0
         0
         0
         0
         0
         0
         0
         0
         0
         0
         0
         0
         0
         0
         0
         0
         0
         0
         0
         0
         0
         0
         0
         0
         0
         0
         0
         0
         0
         0
         0
         0
         0
         0
         0
         0
         0
         0
         0
         0
         0
         0
         0
         0
         0
         0
         0
         0
         0
         0
         0
         0
         0
         0
         0
         0
         0
         0
         0
         0
         0
         0
         0
         0
         0
         0
         0
         0
         0
         0
         0
         0
         0
         0
         0
         0
         0
         0
         0
         0
         0
         0
         0
         0
         0
         0
         0
         0
         0
         0
         0
         0
         0
         0
         0
         0
         0
         0
         0
         0
         0
         0
         0
         0
         0
         0
         0
         0
         0
         0
         0
         0
         0
         0
         0
         0
         0
         0
         0
         0
         0
         0
         0
         0
         0
         0
         0
         0
         0
         0
         0
         0
         0
         0
         0
         0
         0
         0
         0
         0
         0
         0
         0
         0
         0
         0
         0
         0
         0
         0
         0
         0
         0
         0
         0
         0
         0
         0
         0
         0
         0
         0
         0
         0
         0
         0
         0
         0
         0
         0
         0
         0
         0
         0
         0
         0
         0
         0
         0
         0
         0
         0
         0
         0
         0
         0
         0
         0
         0
         0
         0
         0
         0
         0
         0
         0
         0
         0
         0
         0
         0
         0
         0
         0
         0
         0
         0
         0
         0
         0
         0
         0
         0
         0
         0
         0
         0
         0
         0
         0
         0
         0
         0
         0
         0
         0
         0
         0
         0
         0
         0
         0
         0
         0
         0
         0
         0
         0
         0
         0
         0
         0
         0
         0
         0
         0
         0
         0
         0
         0
         0
         0
         0
         0
         0
         0
         0
         0
         0
         0
         0
         0
         0
         0
         0
         0
         0
         0
         0
         0
         0
         0
         0
         0
         0
         0
         0
         0
         0
         0
         0
         0
         0
         0
         0
         0
         0
         0
         0
         0
         0
         0
         0
         0
         0
         0
         0
         0
         0
         0
         0
         0
         0
         0
         0
         0
         0
         0
         0
         0
         0
         0
         0
         0
         0
         0
         0
         0
         0
         0
         0
         0
         0
         0
         0
         0
         0
         0
         0
         0
         0
         0
         0
         0
         0
         0
         0
         0
         0
         0
         0
         0
         0
         0
         0
         0
         0
         0
         0
         0
         0
         0
         0
         0
         0
         0
         0
         0
         0
         0
         0
         0
         0
         0
         0
         0
         0
         0
         0
         0
         0
         0
         0
         0
         0
         0
         0
         0
         0
         0
         0
         0
         0
         0
         0
         0
         0
         0
         0
         0
         0
         0
         0
         0
         0
         0
         0
         0
         0
         0
         0
         0
         0
         0
         0
         0
         0
         0
         0
         0
         0
         0
         0
         0
         0
         0
         0
         0
         0
         0
         0
         0
         0
         0
         0
         0
         0
         0
         0
         0
         0
         0
         0
         0
         0
         0
         0
         0
         0
         0
         0
         0
         0
         0
         0
         0
         0
         0
         0
         0
         0
         0
         0
         0
         0
         0
         0
         0
         0
         0
         0
         0
         0
         0
         0
         0
         0
         0
         0
         0
         0
         0
         0
         0
         0
         0
         0
         0
         0
         0
         0
         0
         0
         0
         0
         0
         0
         0
         0
         0
         0
         0
         0
         0
         0
         0
         0
         0
         0
         0
         0
         0
         0
         0
         0
         0
         0
         0
         0
         0
         0
         0
         0
         0
         0
         0
         0
         0
         0
         0
         0
         0
         0
         0
         0
         0
         0
         0
         0
         0
         0
         0
         0
         0
         0
         0
         0
         0
         0
         0
         0
         0
         0
         0
         0
         0
         0
         0
         0
         0
         0
         0
         0
         0
         0
         0
         0
         0
         0
         0
         0
         0
         0
         0
         0
         0
         0
         0
         0
         0
         0
         0
         0
         0
         0
         0
         0
         0
         0
         0
         0
         0
         0
         0
         0
         0
         0
         0
         0
         0
         0
         0
         0
         0
         0
         0
         0
         0
         0
         0
         0
         0
         0
         0
         0
         0
         0
         0
         0
         0
         0
         0
         0
         0
         0
         0
         0
         0
         0
         0
         0
         0
         0
         0
         0
         0
         0
         0
         0
         0
         0
         0
         0
         0
         0
         0
         0
         0
         0
         0
         0
         0
         0
         0
         0
         0
         0
         0
         0
         0
         0
         0
         0
         0
         0
         0
         0
         0
         0
         0
         0
         0
         0
         0
         0
         0
         0
         0
         0
         0
         0
         0
         0
         0
         0
         0
         0
         0
         0
         0
         0
         0
         0
         0
         0
         0
         0
         0
         0
         0
         0
         0
         0
         0
         0
         0
         0
         0
         0
         0
         0
         0
         0
         0
         0
         0
         0
         0
         0
         0
         0
         0
         0
         0
         0
         0
         0
         0
         0
         0
         0
         0
         0
         0
         0
         0
         0
         0
         0
         0
         0
         0
         0
         0
         0
         0
         0
         0
         0
         0
         0
         0
         0
         0
         0
         0
         0
         0
         0
         0
         0
         0
         0
         0
         0
         0
         0
         0
         0
         0
         0
         0
         0
         0
         0
         0
         0
         0
         0
         0
         0
         0
         0
         0
         0
         0
         0
         0
         0
         0
         0
         0
         0
         0
         0
         0
         0
         0
         0
         0
         0
         0
         0
         0
         0
         0
         0
         0
         0
         0
         0
         0
         0
         0
         0
         0
         0
         0
         0
         0
         0
         0
         0
         0
         0
         0
         0
         0
         0
         0
         0
         0
         0
         0
         0
         0
         0
         0
         0
         0
         0
         0
         0
         0
         0
         0
         0
         0
         0
         0
         0
