         0
         0
         0
         0
         0
         0
         0
         0
         0
         0
      3455
      3493
      3475
      3492
      3486
      3627
      3623
      3555
      3565
      3536
      3568
      3589
      3666
      3673
      3633
      3744
      3677
      3625
      3676
      3474
      3614
      3640
      3719
      3775
      3789
      3714
      3891
      3763
      3712
      3739
      3876
      3740
      3777
      3830
      3846
      3669
      3778
      3863
      3826
      3812
      3866
      3824
      3700
      3881
      3813
      3814
      3741
      3827
      3906
      3861
      3763
      3881
      3982
      3988
      3873
      3969
      3933
      4120
      4041
      4154
      4131
      4124
      4096
      4156
      4177
      4114
      4265
      4277
      4322
      4407
      4482
      4545
      4631
      4581
      4674
      4790
      4805
      5037
      4966
      5057
      5159
      5139
      5352
      5306
      5575
      5408
      5489
      5828
      5979
      6028
      5975
      6170
      6298
      6230
      6426
      6524
      6650
      6863
      6822
      7038
      6923
      7041
      7290
      7307
      7510
      7620
      7739
      7756
      8000
      8014
      8138
      8193
      8329
      8374
      8391
      8464
      8516
      8595
      8770
      8896
      8728
      8843
      8981
      9194
      9176
      9059
      9152
      9385
      9506
      9416
      9347
      9461
      9401
      9494
      9858
      9725
      9781
      9907
      9923
     10038
      9799
     10056
      9975
      9932
     10205
     10123
     10009
     10194
     10398
     10267
     10217
     10250
     10345
     10398
     10353
     10470
     10534
     10535
     10753
     10692
     10766
     10724
     10789
     10656
     10788
     11052
     10862
     10844
     11030
     11131
     11019
     11196
     11194
     11487
     11179
     11382
     11070
     11381
     11396
     11092
     11282
     11206
     11669
     11146
     11240
     11302
     11533
     11264
     11337
     11497
     11232
     11261
     11233
     11133
     11152
     11037
     11215
     11135
     11173
     11205
     10836
     10998
     10904
     11117
     10890
     10821
     10767
     10643
     10629
     10684
     10566
     10705
     10698
     10541
     10444
     10604
     10606
     10482
     10576
     10442
     10367
     10335
     10418
     10295
     10201
     10190
     10210
     10119
     10005
     10168
     10128
     10066
      9891
     10124
      9926
     10083
      9773
      9937
      9891
      9914
      9919
      9857
      9832
      9731
     10012
      9664
      9687
      9822
      9709
      9456
      9559
      9456
      9544
      9540
      9411
      9396
      9363
      9348
      9178
      9243
      9214
      9497
      9179
      9199
      9196
      9114
      9140
      9077
      9068
      9128
      8996
      8974
      9030
      8866
      8803
      8876
      8837
      8978
      8908
      8868
      8686
      8835
      8641
      8631
      8707
      8545
      8621
      8509
      8489
      8664
      8609
      8634
      8581
      8288
      8330
      8223
      8389
      8314
      8305
      8539
      8276
      8269
      8314
      8287
      8222
      8391
      8133
      8270
      8250
      8149
      8095
      7994
      8025
      8004
      8119
      7980
      7903
      7906
      7799
      7751
      7822
      7727
      7723
      7544
      7678
      7768
      7753
      7661
      7586
      7805
      7617
      7505
      7459
      7567
      7570
      7582
      7413
      7514
      7428
      7566
      7301
      7279
      7294
      7341
      7393
      7229
      7228
      7257
      7145
      7384
      7155
      7224
      7137
      7207
      7302
      7148
      7154
      7070
      7032
      7084
      7032
      7104
      6967
      6968
      6900
      6802
      6871
      6959
      6945
      6948
      6847
      6930
      6877
      6753
      6708
      6857
      6732
      6603
      6852
      6782
      6632
      6620
      6579
      6652
      6679
      6726
      6697
      6657
      6608
      6700
      6695
      6562
      6526
      6461
      6591
      6442
      6543
      6477
      6452
      6451
      6329
      6456
      6422
      6384
      6260
      6421
      6509
      6336
      6247
      6282
      6496
      6263
      6578
      6302
      6116
      6346
      6302
      6280
      6211
      6054
      6239
      6287
      6130
      6197
      6262
      6169
      6224
      6133
      6213
      6143
      6120
      6123
      5969
      6082
      6154
      5986
      6157
      6038
      5906
      5858
      5912
      5906
      5868
      5819
      5985
      5815
      5846
      5748
      5788
      5568
      5679
      5691
      5523
      5530
      5601
      5554
      5584
      5515
      5376
      5580
      5277
      5421
      5319
      5255
      5074
      5116
      5315
      4986
      4941
      4927
      4897
      4929
      4885
      4908
      4815
      4789
      4810
      4682
      4574
      4668
      4664
      4461
      4514
      4530
      4370
      4505
      4417
      4420
      4324
      4327
      4236
      4217
      4239
      4209
      4180
      4180
      4140
      4057
      4169
      4043
      4098
      4105
      4052
      3926
      4028
      4087
      3979
      4089
      3982
      3915
      4000
      3824
      3830
      3763
      3941
      3804
      3932
      3910
      3774
      3803
      3784
      3671
      3789
      3734
      3808
      3760
      3722
      3719
      3710
      3845
      3798
      3696
      3733
      3734
      3596
      3697
      3590
      3662
      3593
      3678
      3581
      3644
      3567
      3700
      3581
      3556
      3520
      3592
      3560
      3389
      3563
      3566
      3568
      3646
      3554
      3552
      3498
      3484
      3580
      3496
      3491
      3356
      3462
      3533
      3386
      3556
      3398
      3400
      3460
      3366
      3433
      3414
      3362
      3440
      3484
      3460
      3502
      3350
      3456
      3426
      3485
      3435
      3348
      3366
      3414
      3539
      3538
      3409
      3485
      3608
      3561
      3626
      3598
      3722
      3666
      3716
      3851
      3868
      4040
      4080
      4091
      4245
      4357
      4538
      4503
      4676
      4940
      5116
      5287
      5406
      5681
      5902
      6221
      6479
      6746
      6957
      7299
      7449
      7859
      8203
      8595
      9112
      9371
      9802
     10309
     10532
     11014
     11519
     11985
     12322
     12763
     13165
     13648
     14194
     14456
     14796
     15219
     15710
     16044
     16695
     16684
     17061
     17292
     17781
     17663
     17701
     17863
     18257
     17977
     18274
     18244
     18324
     18133
     18114
     17853
     17663
     17411
     17309
     17005
     16491
     16285
     15767
     15472
     15029
     14627
     14197
     13732
     13349
     12868
     12142
     11671
     11161
     10908
     10297
      9667
      9274
      8676
      8163
      7706
      7397
      6848
      6537
      5944
      5590
      5257
      4700
      4422
      4096
      3807
      3402
      3248
      2841
      2703
      2414
      2240
      1946
      1886
      1621
      1535
      1432
      1204
      1114
       995
       886
       730
       748
       620
       552
       471
       437
       342
       306
       294
       222
       224
       200
       173
       131
       121
        89
        91
        77
        76
        55
        53
        52
        38
        28
        22
        28
        22
        12
        11
        13
         7
         5
         5
         5
         2
         4
         4
         4
         3
         2
         0
         2
         0
         0
         2
         0
         0
         1
         0
         0
         0
         0
         0
         0
         0
         0
         0
         0
         0
         0
         0
         0
         1
         0
         0
         0
         0
         0
         0
         0
         0
         0
         0
         0
         0
         0
         0
         0
         0
         0
         0
         0
         0
         0
         0
         0
         0
         0
         0
         0
         0
         0
         0
         0
         0
         0
         0
         0
         0
         0
         0
         0
         0
         0
         0
         0
         0
         0
         0
         0
         0
         0
         0
         0
         0
         0
         0
         0
         0
         0
         0
         0
         0
         0
         0
         0
         0
         0
         0
         0
         0
         0
         0
         0
         0
         0
         0
         0
         0
         0
         0
         0
         0
         0
         0
         0
         0
         0
         0
         0
         0
         0
         0
         0
         0
         0
         0
         0
         0
         0
         0
         0
         0
         0
         0
         0
         0
         0
         0
         0
         0
         0
         0
         0
         0
         0
         0
         0
         0
         0
         0
         0
         0
         0
         0
         0
         0
         0
         0
         0
         0
         0
         0
         0
         0
         0
         0
         0
         0
         0
         0
         0
         0
         0
         0
         0
         0
         0
         0
         0
         0
         0
         0
         0
         0
         0
         0
         0
         0
         0
         0
         0
         0
         0
         0
         0
         0
         0
         0
         0
         0
         0
         0
         0
         0
         0
         0
         0
         0
         0
         0
         0
         0
         0
         0
         0
         0
         0
         0
         0
         0
         0
         0
         0
         0
         0
         0
         0
         0
         0
         0
         0
         0
         0
         0
         0
         0
         0
         0
         0
         0
         0
         0
         0
         0
         0
         0
         0
         0
         0
         0
         0
         0
         0
         0
         0
         0
         0
         0
         0
         0
         0
         0
         0
         0
         0
         0
         0
         0
         0
         0
         0
         0
         0
         0
         0
         0
         0
         0
         0
         0
         0
         0
         0
         0
         0
         0
         0
         0
         0
         0
         0
         0
         0
         0
         0
         0
         0
         0
         0
         0
         0
         0
         0
         0
         0
         0
         0
         0
         0
         0
         0
         0
         0
         0
         0
         0
         0
         0
         0
         0
         0
         0
         0
         0
         0
         0
         0
         0
         0
         0
         0
         0
         0
         0
         0
         0
         0
         0
         0
         0
         0
         0
         0
         0
         0
         0
         0
         0
         0
         0
         0
         0
         0
         0
         0
         0
         0
         0
         0
         0
         0
         0
         0
         0
         0
         0
         0
         0
         0
         0
         0
         0
         0
         0
         0
         0
         0
         0
         0
         0
         0
         0
         0
         0
         0
         0
         0
         0
         0
         0
         0
         0
         0
         0
         0
         0
         0
         0
         0
         0
         0
         0
         0
         0
         0
         0
         0
         0
         0
         0
         0
         0
         0
         0
         0
         0
         0
         0
         0
         0
         0
         0
         0
         0
         0
         0
         0
         0
         0
         0
         0
         0
         0
         0
         0
         0
         0
         0
         0
         0
         0
         0
         0
         0
         0
         0
         0
         0
         0
         0
         0
         0
         0
         0
         0
         0
         0
         0
         0
         0
         0
         0
         0
         0
         0
         0
         0
         0
         0
         0
         0
         0
         0
         0
         0
         0
         0
         0
         0
         0
         0
         0
         0
         0
         0
         0
         0
         0
         0
         0
         0
         0
         0
         0
         0
         0
         0
         0
         0
         0
         0
         0
         0
         0
         0
         0
         0
         0
         0
         0
         0
         0
         0
         0
         0
         0
         0
         0
         0
         0
         0
         0
         0
         0
         0
         0
         0
         0
         0
         0
         0
         0
         0
         0
         0
         0
         0
         0
         0
         0
         0
         0
         0
         0
         0
         0
         0
         0
         0
         0
         0
         0
         0
         0
         0
         0
         0
         0
         0
         0
         0
         0
         0
         0
         0
         0
         0
         0
         0
         0
         0
         0
         0
         0
         0
         0
         0
         0
         0
         0
         0
         0
         0
         0
         0
         0
         0
         0
         0
         0
         0
         0
         0
         0
         0
         0
         0
         0
         0
         0
         0
         0
         0
         0
         0
         0
         0
         0
         0
         0
         0
         0
         0
         0
         0
         0
         0
         0
         0
         0
         0
         0
         0
         0
         0
         0
         0
         0
         0
         0
         0
         0
         0
         0
         0
         0
         0
         0
         0
         0
         0
         0
         0
         0
         0
         0
         0
         0
         0
         0
         0
         0
         0
         0
         0
         0
         0
         0
         0
         0
         0
         0
         0
         0
         0
         0
         0
         0
         0
         0
         0
         0
         0
         0
         0
         0
         0
         0
         0
         0
         0
         0
         0
         0
         0
         0
         0
         0
         0
         0
         0
         0
         0
         0
         0
         0
         0
         0
         0
         0
         0
         0
         0
         0
         0
         0
         0
         0
         0
         0
         0
         0
         0
         0
         0
         0
         0
         0
         0
         0
         0
         0
         0
         0
         0
         0
         0
         0
         0
         0
         0
         0
         0
         0
         0
         0
         0
         0
         0
         0
         0
         0
         0
         0
         0
         0
         0
         0
         0
         0
         0
         0
         0
         0
         0
         0
         0
         0
         0
         0
         0
         0
         0
         0
         0
         0
         0
         0
         0
         0
         0
         0
         0
         0
         0
         0
         0
         0
         0
         0
         0
         0
         0
         0
         0
         0
         0
         0
         0
         0
         0
         0
         0
         0
         0
         0
         0
         0
         0
         0
         0
         0
         0
         0
         0
         0
         0
         0
         0
         0
         0
         0
         0
         0
         0
         0
         0
         0
         0
         0
         0
         0
         0
         0
         0
         0
         0
         0
         0
         0
         0
         0
         0
         0
         0
         0
         0
         0
         0
         0
         0
         0
         0
         0
         0
         0
         0
         0
         0
         0
         0
         0
         0
         0
         0
         0
         0
         0
         0
         0
         0
         0
         0
         0
         0
         0
         0
         0
         0
         0
         0
         0
         0
         0
         0
         0
         0
         0
         0
         0
         0
         0
         0
         0
         0
         0
         0
         0
         0
         0
         0
         0
         0
         0
         0
         0
         0
         0
         0
         0
         0
         0
         0
         0
         0
         0
         0
         0
         0
         0
         0
         0
         0
         0
         0
         0
         0
         0
         0
         0
         0
         0
         0
         0
         0
         0
         0
         0
         0
         0
         0
         0
         0
         0
         0
         0
         0
         0
         0
         0
         0
         0
         0
         0
         0
         0
         0
         0
         0
         0
         0
         0
         0
         0
         0
         0
         0
         0
         0
         0
         0
         0
         0
         0
         0
         0
         0
         0
         0
         0
         0
         0
         0
         0
         0
         0
         0
         0
         0
         0
         0
         0
         0
         0
         0
         0
         0
         0
         0
         0
         0
         0
         0
         0
         0
         0
         0
         0
         0
         0
         0
         0
         0
         0
         0
         0
         0
         0
         0
         0
         0
         0
         0
         0
         0
         0
         0
         0
         0
         0
         0
         0
         0
         0
         0
         0
         0
         0
         0
         0
         0
         0
         0
         0
         0
         0
         0
         0
         0
         0
         0
         0
         0
         0
         0
         0
         0
         0
         0
         0
         0
         0
         0
         0
         0
         0
         0
         0
         0
         0
         0
         0
         0
         0
         0
         0
         0
         0
         0
         0
         0
         0
         0
         0
         0
         0
         0
         0
         0
         0
         0
         0
         0
         0
         0
         0
         0
         0
         0
         0
         0
         0
         0
         0
         0
         0
         0
         0
         0
         0
         0
         0
         0
         0
         0
         0
         0
         0
         0
         0
         0
         0
         0
         0
         0
         0
         0
         0
         0
         0
         0
         0
         0
         0
         0
         0
         0
         0
         0
         0
         0
         0
         0
         0
         0
         0
         0
         0
         0
         0
         0
         0
         0
         0
         0
         0
         0
         0
         0
         0
         0
         0
         0
         0
         0
         0
         0
         0
         0
         0
         0
         0
         0
         0
         0
         0
         0
         0
         0
         0
         0
         0
         0
         0
         0
         0
         0
         0
         0
         0
         0
         0
         0
         0
         0
         0
         0
         0
         0
         0
         0
         0
         0
         0
         0
         0
         0
         0
         0
         0
         0
         0
         0
         0
         0
         0
         0
         0
         0
         0
         0
         0
         0
         0
         0
         0
         0
         0
         0
         0
         0
         0
         0
         0
         0
         0
         0
         0
         0
         0
         0
         0
         0
         0
         0
         0
         0
         0
         0
         0
         0
         0
         0
         0
         0
         0
         0
         0
         0
         0
         0
         0
         0
         0
         0
         0
         0
         0
         0
         0
         0
         0
         0
         0
         0
         0
         0
         0
         0
         0
         0
         0
         0
         0
         0
         0
         0
         0
         0
         0
         0
         0
         0
         0
         0
         0
         0
         0
         0
         0
         0
         0
         0
         0
         0
         0
         0
         0
         0
         0
         0
         0
         0
         0
         0
         0
         0
         0
         0
         0
         0
         0
         0
         0
         0
         0
         0
         0
         0
         0
         0
         0
         0
         0
         0
         0
         0
         0
         0
         0
         0
         0
         0
         0
         0
         0
         0
         0
         0
         0
         0
         0
         0
         0
         0
         0
         0
         0
         0
         0
         0
         0
         0
         0
         0
         0
         0
         0
         0
         0
         0
         0
         0
         0
         0
         0
         0
         0
         0
         0
         0
         0
         0
         0
         0
         0
         0
         0
         0
         0
         0
         0
         0
         0
         0
         0
         0
         0
         0
         0
         0
         0
         0
         0
         0
         0
         0
         0
         0
         0
         0
         0
         0
         0
         0
         0
         0
         0
         0
         0
         0
         0
         0
         0
         0
         0
         0
         0
         0
         0
         0
         0
         0
         0
         0
         0
         0
         0
         0
         0
         0
         0
         0
         0
         0
         0
         0
         0
         0
         0
         0
         0
         0
         0
         0
         0
         0
         0
         0
         0
         0
         0
         0
         0
         0
         0
         0
         0
         0
         0
         0
         0
         0
         0
         0
         0
         0
         0
         0
         0
         0
         0
         0
         0
         0
         0
         0
         0
         0
         0
         0
         0
         0
         0
         0
         0
         0
         0
         0
         0
         0
         0
         0
         0
         0
         0
         0
         0
         0
         0
         0
         0
         0
         0
         0
         0
         0
         0
         0
         0
         0
         0
         0
         0
         0
         0
         0
         0
         0
         0
         0
         0
         0
         0
         0
         0
         0
         0
         0
         0
         0
         0
         0
         0
         0
         0
         0
         0
         0
         0
         0
         0
         0
         0
         0
         0
         0
         0
         0
         0
         0
         0
         0
         0
         0
         0
         0
         0
         0
         0
         0
         0
         0
         0
         0
         0
         0
         0
         0
         0
         0
         0
         0
         0
         0
         0
         0
         0
         0
         0
         0
         0
         0
         0
         0
         0
         0
         0
         0
         0
         0
         0
         0
         0
         0
         0
         0
         0
         0
         0
         0
         0
         0
         0
         0
         0
         0
         0
         0
         0
         0
         0
         0
         0
         0
         0
         0
         0
         0
         0
         0
         0
         0
         0
         0
         0
         0
         0
         0
         0
         0
         0
         0
         0
         0
         0
         0
         0
         0
         0
         0
         0
         0
         0
         0
         0
         0
         0
         0
         0
         0
         0
         0
         0
         0
         0
         0
         0
         0
         0
         0
         0
         0
         0
         0
         0
         0
         0
         0
         0
         0
         0
         0
         0
         0
         0
         0
         0
         0
         0
         0
         0
         0
         0
         0
         0
         0
         0
         0
         0
         0
         0
         0
         0
         0
         0
         0
         0
         0
         0
         0
         0
         0
         0
         0
         0
         0
         0
         0
         0
         0
         0
         0
         0
         0
         0
         0
         0
         0
         0
         0
         0
         0
         0
         0
         0
         0
         0
         0
         0
         0
         0
         0
         0
         0
         0
         0
         0
         0
         0
         0
         0
         0
         0
         0
         0
         0
         0
         0
         0
         0
         0
         0
         0
         0
         0
         0
         0
         0
         0
         0
         0
         0
         0
         0
         0
         0
         0
         0
         0
         0
         0
         0
         0
         0
         0
         0
         0
         0
         0
         0
         0
         0
         0
         0
         0
         0
         0
         0
         0
         0
         0
         0
         0
         0
         0
         0
         0
         0
         0
         0
         0
         0
         0
         0
         0
         0
         0
         0
         0
         0
         0
         0
         0
         0
         0
         0
         0
         0
         0
         0
         0
         0
         0
         0
         0
         0
         0
         0
         0
         0
         0
         0
         0
         0
         0
         0
         0
         0
         0
         0
         0
         0
         0
         0
         0
         0
         0
         0
         0
         0
         0
         0
         0
         0
         0
         0
         0
         0
         0
         0
         0
         0
         0
         0
         0
         0
         0
         0
         0
         0
         0
         0
         0
         0
         0
         0
         0
         0
         0
         0
         0
         0
         0
         0
         0
         0
         0
         0
         0
         0
         0
         0
         0
         0
         0
         0
         0
         0
         0
         0
         0
         0
         0
         0
         0
         0
         0
         0
         0
         0
         0
         0
         0
         0
         0
         0
         0
         0
         0
         0
         0
         0
         0
         0
         0
         0
         0
         0
         0
         0
         0
         0
         0
         0
         0
         0
         0
         0
         0
         0
         0
         0
         0
         0
         0
         0
         0
         0
         0
         0
         0
         0
         0
         0
         0
         0
         0
         0
         0
         0
         0
         0
         0
         0
         0
         0
         0
         0
         0
         0
         0
         0
         0
         0
         0
         0
         0
         0
         0
         0
         0
         0
         0
         0
         0
         0
         0
         0
         0
         0
         0
         0
         0
         0
         0
         0
         0
         0
         0
         0
         0
         0
         0
         0
         0
         0
         0
         0
         0
         0
         0
         0
         0
         0
         0
         0
         0
         0
         0
         0
         0
         0
         0
         0
         0
         0
         0
         0
         0
         0
         0
         0
         0
         0
         0
         0
         0
         0
         0
         0
         0
         0
         0
         0
         0
         0
         0
         0
         0
         0
         0
         0
         0
         0
         0
         0
         0
         0
         0
         0
         0
         0
         0
         0
         0
         0
         0
         0
         0
         0
         0
         0
         0
         0
         0
         0
         0
         0
         0
         0
         0
         0
         0
         0
         0
         0
         0
         0
         0
         0
         0
         0
         0
         0
         0
         0
         0
         0
         0
         0
         0
         0
         0
         0
         0
         0
         0
         0
         0
         0
         0
         0
         0
         0
         0
         0
         0
         0
         0
         0
         0
         0
         0
         0
         0
         0
         0
         0
         0
         0
         0
         0
         0
         0
         0
         0
         0
         0
         0
         0
         0
         0
         0
         0
         0
         0
         0
         0
         0
         0
         0
         0
         0
         0
         0
         0
         0
         0
         0
         0
         0
         0
         0
         0
         0
         0
         0
         0
         0
         0
         0
         0
         0
         0
         0
         0
         0
         0
         0
         0
         0
         0
         0
         0
         0
         0
         0
         0
         0
         0
         0
         0
         0
         0
         0
         0
         0
         0
         0
         0
         0
         0
         0
         0
         0
         0
         0
         0
         0
         0
         0
         0
         0
         0
         0
         0
         0
         0
         0
         0
         0
         0
         0
         0
         0
         0
         0
         0
         0
         0
         0
         0
         0
         0
         0
         0
         0
         0
         0
         0
         0
         0
         0
         0
         0
         0
         0
         0
         0
         0
         0
         0
         0
