         0
         0
         0
         0
         0
         0
         0
         0
         0
         0
     13180
     13744
     13554
     13526
     13658
     13898
     13735
     14099
     13699
     13967
     14055
     13972
     14123
     14040
     14090
     14094
     14006
     14169
     14224
     14106
     14037
     14118
     14039
     14109
     14134
     14358
     14190
     14406
     14359
     14379
     14268
     14410
     14311
     14387
     14464
     14483
     14704
     14583
     14457
     14598
     14643
     14442
     14654
     14698
     14693
     14413
     14598
     14558
     14557
     14550
     14745
     14665
     14636
     14757
     14766
     14584
     14544
     14640
     14732
     14689
     14615
     14746
     14600
     14631
     14695
     14810
     14726
     14829
     14618
     14842
     14724
     14898
     14851
     14756
     14750
     14914
     14827
     14934
     14948
     14923
     14671
     14823
     14815
     14954
     15270
     14665
     14897
     15132
     14952
     14939
     14957
     14873
     15069
     14903
     15073
     15062
     15018
     15040
     15278
     15014
     15191
     14920
     15153
     15276
     15261
     15265
     15442
     15528
     15591
     15380
     15397
     15641
     15450
     15692
     15692
     15442
     15656
     15799
     15808
     15856
     15751
     16024
     15903
     15969
     16077
     15888
     16221
     16273
     15987
     16000
     15920
     16197
     16226
     16245
     16168
     16432
     16253
     16263
     16145
     16526
     16149
     16400
     16161
     16498
     16239
     16286
     16291
     16276
     16314
     16627
     16304
     16242
     16170
     16457
     16481
     16370
     16138
     16157
     16343
     16279
     16486
     16248
     16447
     16374
     16165
     16306
     16535
     16161
     16381
     16495
     16555
     16151
     16660
     16291
     16354
     16610
     16405
     16803
     16827
     16896
     16896
     16720
     17006
     16899
     17061
     17043
     17429
     17592
     17488
     17709
     17793
     18249
     18585
     18804
     18966
     19130
     19332
     19534
     19705
     19923
     20474
     20678
     20715
     21078
     21314
     21319
     21400
     22112
     21944
     22430
     22397
     22695
     22608
     22550
     22976
     23098
     22662
     23225
     23121
     23271
     22809
     22889
     22829
     22916
     22928
     22769
     22651
     23064
     22431
     22306
     22357
     22204
     22329
     22197
     22235
     22014
     21918
     22006
     22146
     21792
     21874
     21718
     21727
     21750
     21421
     21499
     21511
     21010
     21617
     21241
     21185
     21008
     20934
     21208
     21078
     21035
     21087
     20598
     20521
     20794
     20379
     20879
     20720
     20412
     20494
     20405
     20259
     20508
     20450
     20203
     20314
     20275
     20228
     20156
     20018
     20398
     19978
     19778
     19993
     20029
     19821
     19902
     19872
     19578
     19667
     19872
     19592
     19716
     19604
     19578
     19300
     19604
     19429
     19394
     19394
     19419
     19416
     19258
     19541
     19367
     19327
     19290
     19280
     19172
     18909
     19277
     19156
     19109
     19003
     18852
     18993
     18726
     18872
     18835
     18721
     18788
     18591
     18655
     18504
     18363
     18437
     18231
     18406
     18363
     18146
     18464
     18096
     18117
     18043
     17918
     18123
     18219
     18043
     18076
     18072
     17973
     18012
     17893
     17976
     17686
     17669
     17689
     18012
     17758
     17866
     17471
     17575
     17334
     17551
     17825
     17467
     17367
     17487
     17731
     17649
     17528
     17590
     17498
     17455
     17362
     17413
     17588
     17606
     17588
     17262
     17496
     17215
     17286
     17495
     17065
     17119
     17124
     17123
     17121
     17094
     17356
     17249
     17348
     17341
     17035
     16760
     16977
     17157
     17163
     16945
     17045
     16962
     16945
     16967
     16796
     17036
     16835
     16706
     16839
     16735
     16627
     16782
     16849
     16726
     16644
     16571
     16866
     16860
     16593
     16510
     16650
     16341
     16560
     16809
     16769
     16291
     16512
     16483
     16551
     16597
     16575
     16455
     16521
     16443
     16538
     16507
     16546
     16503
     16600
     16557
     16392
     16399
     16316
     16386
     16464
     16330
     16261
     16288
     16042
     16365
     16440
     16418
     16204
     16122
     16283
     16402
     16192
     16289
     16193
     16363
     16085
     15993
     16111
     16275
     16176
     16183
     15802
     15924
     15985
     16102
     16183
     16112
     16023
     16075
     16002
     16016
     16201
     16044
     16003
     15870
     15968
     16029
     16066
     15814
     16113
     16122
     16037
     15995
     15997
     16111
     15855
     16046
     16010
     15837
     16058
     15975
     16095
     15825
     16025
     15950
     16110
     15961
     15870
     15915
     15978
     16029
     15836
     16172
     15885
     15972
     15725
     15774
     15767
     15854
     15942
     15923
     15771
     16181
     16101
     15705
     15892
     15873
     16027
     15936
     15764
     15741
     15758
     15908
     16101
     15854
     16039
     15620
     15724
     15879
     15640
     15653
     15523
     15806
     15886
     15815
     15664
     15626
     16085
     15677
     15692
     15726
     15996
     15912
     15498
     15648
     15670
     15496
     15711
     15955
     15847
     15639
     15772
     15658
     15471
     15714
     15657
     15581
     15782
     15670
     15584
     15633
     15340
     15551
     15815
     15766
     15507
     15674
     15657
     15515
     15476
     15614
     15517
     15616
     15661
     15821
     15478
     15906
     15633
     15579
     15650
     15542
     15642
     15779
     15670
     15706
     15600
     15483
     15777
     15896
     15512
     15660
     15324
     15750
     15497
     15752
     15775
     15847
     15752
     15561
     15716
     15694
     15471
     15988
     15848
     15465
     15706
     15461
     15592
     15388
     15849
     15656
     15858
     15454
     15636
     15889
     15810
     15813
     15375
     15691
     15580
     15870
     15613
     15529
     15977
     15688
     15863
     15779
     15870
     15817
     15538
     15774
     15757
     15680
     15707
     15627
     15587
     15664
     15473
     15896
     15834
     16105
     16035
     15768
     15725
     15791
     15653
     15901
     15737
     15800
     15923
     15759
     16012
     15975
     15779
     16163
     15759
     15931
     15959
     15963
     15941
     15673
     16031
     15945
     16015
     16257
     15991
     16170
     15852
     16069
     15976
     16171
     16057
     16010
     16042
     15957
     16171
     16162
     16014
     15767
     16101
     16085
     16031
     15968
     16167
     16237
     16076
     16081
     15836
     15969
     16155
     16170
     15984
     16001
     16011
     16207
     15805
     16217
     15909
     15803
     16124
     16219
     16201
     16236
     16127
     16089
     16211
     16203
     16382
     16000
     15911
     15955
     16078
     16208
     15986
     16237
     16123
     16248
     16304
     16136
     16191
     16266
     16151
     16308
     16072
     16498
     16333
     16213
     16356
     16223
     16377
     16357
     16234
     16095
     16445
     16421
     16284
     16501
     16531
     16537
     16332
     16596
     16306
     16511
     16329
     16392
     16717
     16581
     16520
     16466
     16513
     16714
     16879
     16861
     16587
     16562
     16322
     16614
     16686
     16731
     16552
     16685
     16672
     16644
     16788
     16775
     16939
     16738
     16998
     16795
     16897
     16681
     16979
     16752
     16815
     16800
     17054
     16870
     17028
     16968
     16608
     16934
     16975
     16950
     16848
     17010
     17102
     16939
     17065
     17271
     17358
     17340
     17075
     17269
     17160
     17222
     17303
     17595
     17504
     17631
     17464
     17431
     17391
     17618
     17467
     17612
     17633
     17475
     17833
     17644
     17651
     17936
     17448
     17690
     17917
     17773
     17744
     18028
     17635
     18255
     17916
     17845
     17913
     17915
     17841
     17939
     18019
     17825
     17823
     17994
     18139
     17882
     18216
     18089
     18200
     18098
     18266
     18022
     18200
     18131
     18278
     18374
     18240
     18204
     18105
     18222
     18262
     18005
     18565
     18436
     18256
     18370
     18295
     18343
     18522
     18338
     18194
     18529
     18535
     18399
     18303
     18637
     18382
     18350
     18242
     18584
     18577
     18461
     18701
     18553
     18572
     18650
     18676
     18576
     18654
     18825
     18726
     18941
     18768
     18576
     18949
     18871
     18988
     18878
     19011
     19218
     18858
     19294
     18995
     18829
     19322
     18970
     19224
     19111
     19289
     19001
     18949
     19131
     19318
     19168
     19142
     19309
     19137
     19332
     19394
     19185
     19406
     19157
     19417
     19304
     19548
     19448
     19612
     19432
     19170
     19405
     19319
     19269
     19276
     19255
     19326
     19464
     19043
     19336
     19072
     19443
     19332
     19052
     19098
     19203
     19207
     18901
     19037
     19029
     19201
     18806
     18600
     19048
     18648
     18847
     18927
     18324
     18478
     18416
     18451
     18506
     18369
     18227
     18190
     18035
     17708
     17789
     17722
     17649
     17566
     17449
     17243
     17307
     17184
     17283
     16813
     16907
     16773
     16426
     16674
     16808
     16401
     16317
     16314
     15927
     15880
     15961
     15615
     15747
     15527
     15675
     15447
     15304
     15137
     15152
     14947
     14869
     15009
     14781
     14647
     14717
     14526
     14302
     14150
     14310
     14122
     13963
     13979
     13974
     13836
     13842
     13477
     13862
     13694
     13755
     13040
     13538
     13385
     13401
     13053
     13175
     13377
     13217
     13001
     12918
     13127
     12749
     12690
     12762
     12855
     12723
     12720
     12659
     12744
     12589
     12721
     12519
     12473
     12278
     12588
     12466
     12700
     12352
     12524
     12413
     12570
     12165
     12418
     12212
     12148
     12377
     12485
     12286
     12375
     12241
     12259
     12222
     12143
     12204
     12230
     12107
     12175
     12121
     12042
     12038
     12170
     12222
     12069
     12138
     12088
     12028
     12092
     12027
     11959
     11870
     12148
     12255
     11991
     11958
     12125
     11947
     11959
     11958
     12008
     12017
     12096
     12046
     12060
     12083
     11945
     12010
     11969
     12016
     12027
     11890
     12100
     12268
     12039
     12071
     12216
     12275
     12329
     12733
     12560
     12628
     12650
     12809
     12735
     13069
     13022
     13438
     13437
     13485
     13902
     14018
     14210
     14486
     14503
     14785
     14951
     15583
     15793
     16083
     16470
     16763
     17219
     17734
     18072
     18590
     18900
     19436
     20280
     20583
     21205
     21937
     22444
     23244
     24082
     24512
     25276
     26101
     26892
     28022
     28417
     29512
     30333
     31418
     32027
     33274
     33975
     34579
     35872
     36949
     38075
     39087
     40078
     40798
     42088
     42970
     44201
     44875
     46093
     47174
     48246
     49209
     50059
     50633
     51470
     52527
     53410
     54224
     54943
     56459
     56826
     56846
     58209
     58786
     59281
     59845
     60358
     60864
     61093
     61301
     61833
     62148
     62353
     62695
     62652
     62106
     62421
     62363
     62110
     61820
     61272
     61454
     61025
     60549
     59757
     59089
     58878
     58071
     57912
     56866
     56073
     55289
     54120
     53585
     52552
     51377
     50547
     49681
     48516
     47541
     45871
     45423
     44157
     43073
     42068
     40784
     39910
     39003
     37558
     36343
     34925
     33768
     32563
     31805
     30717
     29656
     28424
     27732
     26486
     25654
     24657
     23606
     22435
     21615
     20778
     19797
     19004
     18003
     17618
     16608
     16029
     15302
     14652
     13935
     13433
     12883
     12386
     11634
     11274
     10656
     10329
      9981
      9582
      9144
      8789
      8744
      8335
      8268
      8046
      7858
      7676
      7530
      7530
      7387
      7398
      7642
      7455
      7409
      7421
      7693
      7849
      7874
      8057
      8348
      8755
      8797
      9009
      9459
      9733
     10049
     10366
     10572
     11281
     11378
     12082
     12662
     13101
     13456
     14279
     14688
     15351
     15997
     16482
     17285
     18064
     18643
     19220
     19934
     20930
     21586
     22162
     22927
     23888
     24830
     25287
     26207
     26696
     27936
     28424
     29853
     30409
     31113
     31972
     32956
     33923
     34467
     35125
     36200
     36996
     37805
     38474
     39132
     39874
     40849
     41394
     41800
     42654
     43486
     44178
     44572
     45260
     45902
     46511
     46484
     46895
     47635
     47705
     48338
     48696
     48566
     48979
     49258
     49120
     49191
     49334
     49624
     49638
     49084
     49320
     48703
     48745
     48224
     48492
     47839
     47530
     47465
     46346
     46839
     46028
     45132
     45002
     44325
     43631
     43859
     42174
     41922
     41098
     40062
     39512
     38475
     38182
     37330
     36369
     35695
     34676
     33781
     33471
     32135
     31181
     30729
     29728
     28971
     27940
     26919
     26761
     25200
     24598
     23832
     23263
     22165
     21468
     20248
     19651
     19029
     18589
     17437
     16973
     15906
     15360
     14898
     14035
     13392
     12903
     12264
     11645
     11317
     10722
     10066
      9703
      9093
      8751
      8202
      7641
      7359
      6921
      6580
      6226
      5882
      5479
      5143
      4888
      4618
      4411
      3973
      3826
      3513
      3389
      3021
      2950
      2688
      2512
      2395
      2164
      2010
      1972
      1756
      1737
      1518
      1378
      1334
      1227
      1165
      1059
       993
       951
       832
       796
       729
       667
       611
       603
       532
       497
       460
       405
       385
       368
       331
       302
       272
       268
       238
       209
       231
       207
       177
       159
       158
       156
       130
       140
       114
       112
       111
       117
        89
       101
        86
        70
        82
        80
        88
        89
        98
        72
        89
        75
        62
        54
        77
        61
        71
        48
        75
        61
        60
        52
        56
        79
        47
        56
        41
        44
        54
        59
        49
        56
        56
        50
        55
        51
        57
        60
        47
        46
        53
        50
        47
        57
        57
        56
        40
        50
        52
        48
        57
        56
        47
        50
        37
        50
        54
        59
        59
        62
        50
        52
        38
        44
        54
        52
        64
        54
        51
        56
        64
        52
        62
        45
        53
        49
        44
        49
        44
        54
        58
        61
        58
        39
        52
        45
        62
        43
        67
        50
        55
        49
        60
        56
        61
        45
        45
        65
        57
        40
        47
        50
        60
        56
        60
        51
        38
        44
        55
        60
        59
        63
        52
        57
        44
        42
        58
        42
        63
        45
        55
        49
        55
        59
        48
        44
        59
        44
        47
        61
        55
        59
        40
        57
        49
        59
        53
        52
        54
        47
        54
        51
        53
        60
        49
        47
        54
        48
        54
        57
        70
        57
        53
        48
        48
        51
        65
        52
        53
        48
        45
        49
        52
        55
        49
        49
        58
        42
        57
        43
        38
        60
        46
        37
        51
        50
        53
        33
        44
        52
        51
        43
        52
        42
        47
        55
        49
        47
        45
        46
        51
        45
        51
        50
        53
        38
        56
        49
        37
        59
        41
        42
        49
        46
        38
        45
        52
        56
        44
        48
        38
        61
        48
        56
        43
        57
        48
        59
        45
        40
        42
        50
        40
        41
        49
        53
        50
        48
        53
        49
        52
        41
        43
        54
        43
        50
        40
        43
        43
        49
        55
        55
        56
        35
        41
        40
        49
        60
        51
        49
        47
        51
        27
        51
        45
        29
        48
        47
        41
        46
        44
        45
        41
        41
        47
        42
        50
        34
        61
        53
        36
        51
        55
        43
        41
        36
        47
        46
        44
        40
        36
        42
        50
        47
        45
        54
        39
        41
        42
        36
        37
        40
        39
        53
        41
        41
        42
        42
        37
        39
        40
        45
        54
        44
        50
        44
        32
        34
        40
        35
        43
        46
        38
        47
        46
        41
        51
        58
        40
        47
        50
        55
        42
        43
        41
        45
        42
        43
        40
        34
        42
        38
        44
        32
        33
        42
        46
        49
        48
        47
        44
        51
        34
        53
        52
        40
        39
        44
        33
        33
        34
        40
        43
        38
        41
        50
        37
        44
        37
        33
        39
        40
        43
        38
        36
        32
        40
        45
        45
        36
        46
        35
        37
        35
        45
        36
        28
        47
        43
        51
        47
        39
        39
        33
        52
        32
        30
        42
        48
        48
        27
        46
        31
        31
        46
        37
        37
        38
        38
        41
        44
        42
        47
        37
        38
        39
        37
        42
        41
        40
        39
        44
        40
        40
        36
        36
        51
        50
        36
        33
        42
        55
        41
        40
        60
        50
        31
        39
        30
        38
        33
        37
        42
        40
        35
        43
        40
        43
        27
        44
        50
        39
        45
        29
        47
        44
        29
        37
        35
        42
        43
        45
        32
        36
        40
        44
        43
        39
        42
        42
        22
        46
        43
        45
        34
        38
        37
        33
        45
        45
        34
        42
        46
        40
        36
        28
        29
        44
        39
        47
        42
        39
        41
        40
        38
        33
        43
        35
        39
        36
        30
        45
        40
        32
        28
        39
        45
        35
        41
        43
        31
        34
        29
        37
        37
        46
        44
        23
        36
        35
        38
        53
        35
        45
        37
        34
        37
        34
        37
        51
        38
        41
        53
        43
        60
        38
        37
        52
        32
        32
        40
        37
        47
        46
        40
        44
        42
        37
        50
        39
        35
        29
        33
        36
        39
        41
        31
        37
        38
        28
        37
        46
        39
        37
        48
        42
        44
        36
        39
        42
        43
        34
        37
        42
        26
        29
        33
        44
        31
        33
        35
        33
        31
        30
        43
        44
        35
        35
        28
        28
        31
        40
        41
        36
        32
        48
        30
        32
        37
        42
        40
        35
        34
        33
        41
        43
        32
        33
        32
        30
        45
        26
        36
        29
        29
        38
        34
        38
        39
        45
        28
        37
        35
        31
        38
        47
        30
        33
        40
        39
        39
        24
        41
        30
        33
        35
        41
        37
        30
        41
        35
        39
        34
        39
        35
        29
        39
        27
        36
        34
        37
        29
        39
        31
        22
        47
        42
        25
        39
        30
        34
        32
        32
        42
        43
        33
        41
        29
        33
        26
        39
        35
        31
        38
        30
        44
        29
        24
        37
        33
        30
        37
        43
        41
        49
        33
        43
        39
        33
        45
        33
        37
        36
        31
        24
        32
        45
        37
        38
        32
        35
        40
        30
        30
        39
        35
        42
        45
        28
        47
        39
        38
        42
        30
        37
        40
        37
        37
        51
        31
        37
        33
        40
        32
        34
        29
        39
        35
        37
        33
        44
        41
        33
        34
        43
        30
        37
        36
        30
        37
        32
        32
        46
        38
        37
        35
        34
        43
        40
        31
        31
        33
        55
        37
        35
        34
        29
        38
        40
        36
        39
        30
        35
        39
        38
        25
        32
        32
        31
        41
        30
        32
        38
        31
        28
        41
        36
        47
        36
        38
        40
        27
        28
        35
        32
        32
        36
        37
        39
        37
        34
        43
        47
        34
        25
        38
        48
        27
        37
        40
        34
        34
        33
        47
        40
        31
        41
        32
        39
        31
        26
        34
        35
        34
        31
        26
        36
        41
        39
        40
        39
        28
        33
        36
        26
        28
        22
        32
        31
        34
        28
        22
        22
        31
        25
        36
        25
        32
        35
        30
        23
        23
        20
        29
        18
        26
        26
        26
        34
        14
        33
        24
        27
        15
        17
        22
        23
        24
        26
        19
        30
        25
        27
        21
        20
        20
        19
        17
        23
        29
        18
        11
        20
        29
        16
        19
        22
        28
        19
        25
        15
        17
        17
        14
        20
        14
        14
        21
        19
        19
        18
         5
        14
        12
         9
        11
        12
        14
        13
        12
        10
        13
         3
        12
        11
        13
        19
         9
         9
         8
        16
        19
        16
        15
         7
        17
        17
        14
        17
         5
         7
         8
         7
         9
        13
         7
         9
         9
         9
         9
        11
        11
        16
        11
        16
         9
        13
        13
        12
         9
         9
        14
        17
        10
        14
        14
        14
        12
        15
        20
        18
        12
        21
        19
        11
        13
         9
        13
        11
        12
        10
        19
        17
        16
        20
        17
        18
        23
        22
        16
        21
        29
        16
        33
        20
        30
        26
        20
        22
        31
        18
        31
        41
        34
        25
        29
        27
        28
        33
        37
        28
        33
        38
        36
        44
        33
        27
        32
        39
        49
        47
        32
        53
        53
        46
        42
        44
        56
        63
        49
        50
        46
        51
        48
        55
        51
        39
        57
        66
        80
        61
        57
        51
        59
        55
        53
        52
        53
        66
        58
        57
        57
        52
        65
        63
        66
        61
        65
        67
        59
        73
        67
        79
        62
        73
        60
        73
        72
        74
        69
        60
        61
        56
        78
        65
        74
        64
        63
        56
        63
        71
        72
        61
        78
        49
        58
        72
        68
        54
        60
        68
        59
        60
        61
        54
        60
        47
        66
        61
        54
        51
        64
        57
        47
        54
        62
        46
        52
        56
        60
        46
        49
        53
        52
        36
        52
        34
        44
        50
        43
        39
        49
        35
        44
        40
        38
        45
        41
        33
        30
        31
        38
        42
        35
        28
        25
        32
        35
        29
        28
        19
        24
        26
        24
        32
        23
        27
        21
        25
        22
        10
        15
        20
        14
        14
        11
        16
        16
        10
        13
        15
        19
         6
        10
        10
        12
        12
        10
         9
        16
         9
         8
         5
         9
         9
         6
         9
         5
         7
         5
         4
         5
         6
        11
         3
         4
         3
         6
         6
         7
         8
         2
         6
         4
         2
         2
         3
         5
         1
         3
         1
         1
         3
         1
         3
         2
         2
         1
         4
         1
         0
         1
         1
         0
         1
         1
         1
         2
         0
         1
         1
         3
         1
         0
         0
         0
         0
         0
         0
         0
         0
         1
         1
         0
         0
         0
         0
         0
         0
         0
         1
         0
         0
         1
         0
         0
         0
         0
         0
         0
         0
         0
         0
         0
         0
         0
         0
         0
         0
         0
         0
         0
         0
         0
         0
         0
         0
         0
         0
         0
         0
         0
         0
         0
         0
         0
         0
         0
         0
         0
         0
         0
         0
         0
         0
         0
         0
         0
         0
         0
         0
         0
         0
         0
         0
         0
         0
         0
         0
         0
         0
         0
         0
         0
         0
         0
         0
         0
         0
         0
         0
         0
         0
         0
         0
         0
         0
         0
         0
         0
         0
         0
         0
         0
         0
         0
         0
         0
         0
         0
         0
         0
         0
         0
         0
         0
         0
         0
         0
         0
         0
         0
         0
         0
         0
         0
         0
         0
         0
         0
         0
         0
         0
         0
         0
         0
         0
         0
         0
         0
         0
         0
         0
         0
         0
         0
         0
         0
         0
         0
         0
         0
         0
         0
         0
         0
         0
         0
         0
         0
         0
         0
         0
         0
         0
         0
         0
         0
         0
         0
         0
         0
         0
         0
         0
         0
         0
         0
         0
         0
         0
         0
         0
         0
         0
         0
         0
         0
         0
         0
         0
         0
         0
         0
         0
         0
         0
         0
         0
         0
         0
         0
         0
         0
         0
         0
         0
         0
         0
         0
         0
         0
         0
         0
         0
         0
         0
         0
         0
         0
         0
         0
         0
         0
         0
         0
         0
         0
         0
         0
         0
         0
         0
         0
         0
         0
         0
         0
         0
         0
         0
         0
         0
         0
         0
         0
         0
         0
         0
         0
         0
         0
         0
         0
         0
         0
         0
         0
         0
         0
         0
         0
         0
         0
         0
         0
         0
         0
         0
         0
         0
         0
         0
         0
         0
         0
         0
         0
         0
         0
         0
         0
         0
         0
         0
         0
         0
         0
         0
         0
         0
         0
         0
         0
         0
         0
         0
         0
         0
         0
         0
         0
         0
         0
         0
         0
         0
         0
         0
         0
         0
         0
         0
         0
         0
         0
         0
         0
         0
         0
         0
         0
         0
         0
         0
         0
         0
         0
         0
         0
         0
         0
         0
         0
         0
         0
         0
         0
         0
         0
         0
         0
         0
         0
         0
         0
         0
