         0
         0
         0
         0
         0
         0
         0
         0
         0
         0
      6716
      6623
      6630
      6762
      6684
      6830
      6777
      6728
      6813
      6853
      6779
      6753
      6735
      6681
      6760
      6899
      6952
      7011
      6853
      6976
      7071
      6963
      7015
      6942
      6869
      7075
      7088
      7123
      7097
      7059
      7125
      7219
      7180
      6960
      7147
      7230
      7139
      7034
      7122
      7075
      7285
      7150
      7165
      6998
      7321
      7132
      7143
      7291
      7313
      7274
      7315
      7207
      7426
      7414
      7269
      7543
      7376
      7557
      7386
      7608
      7468
      7555
      7677
      7725
      7727
      7903
      7867
      8014
      8044
      8191
      8354
      8332
      8476
      8621
      8581
      8677
      8812
      8864
      9010
      9232
      9363
      9495
      9762
      9718
      9656
      9917
     10207
     10296
     10412
     10623
     10665
     11003
     11237
     11296
     11257
     11550
     11581
     11985
     11934
     12194
     12486
     12861
     12754
     13091
     13109
     13042
     13450
     13540
     13870
     13879
     14215
     14270
     14428
     14603
     14636
     14869
     14962
     15066
     15179
     15408
     15585
     15504
     15486
     15899
     15696
     16230
     16194
     16055
     16398
     16338
     16705
     16605
     16718
     16879
     16747
     16866
     17066
     16888
     17111
     17191
     17197
     17510
     17391
     17243
     17500
     17703
     17523
     17407
     17653
     17835
     17850
     17855
     17675
     17721
     17599
     17930
     17959
     17665
     17769
     17823
     17959
     17837
     17934
     17686
     18247
     17929
     17864
     17937
     17833
     18077
     18196
     18175
     18082
     18043
     17896
     18063
     18108
     18044
     18076
     18057
     17922
     18163
     17959
     18321
     17974
     18239
     18035
     18209
     18182
     18099
     18164
     18248
     17966
     18250
     17890
     18410
     18094
     18247
     18384
     18307
     18274
     18104
     18512
     18200
     18621
     18290
     18314
     18424
     18341
     18390
     18296
     18358
     18186
     18299
     18464
     18096
     18184
     18052
     17914
     18251
     17733
     17842
     17925
     17703
     17761
     17768
     17682
     17411
     17602
     17273
     17179
     17229
     17341
     17196
     17378
     17229
     17059
     17216
     16913
     16899
     16849
     16598
     16636
     16672
     16728
     16546
     16461
     16379
     16533
     16436
     16290
     16517
     16408
     16197
     16021
     15926
     16048
     16044
     15874
     15916
     15756
     15861
     15705
     15784
     15808
     15632
     15532
     15831
     15493
     15502
     15067
     15282
     15144
     15167
     14921
     15197
     14998
     15226
     14963
     14951
     14913
     14694
     14607
     14769
     14902
     14785
     14660
     14682
     14474
     14616
     14501
     14573
     14411
     14363
     14268
     14378
     14267
     14259
     14143
     14118
     13903
     14164
     14037
     13611
     13927
     13960
     13911
     14025
     13752
     13727
     13761
     13586
     13481
     13461
     13553
     13533
     13290
     13237
     13434
     13331
     13204
     13082
     13086
     13161
     13096
     12773
     13064
     12906
     12944
     13014
     12716
     13004
     12729
     12875
     12688
     12716
     12730
     12682
     12689
     12581
     12528
     12631
     12662
     12426
     12423
     12658
     12425
     12298
     12465
     12250
     12248
     12333
     12157
     12157
     11871
     11899
     12065
     11989
     11963
     12009
     11730
     11877
     11870
     11742
     11733
     11589
     11536
     11836
     11560
     11587
     11709
     11470
     11680
     11418
     11472
     11505
     11472
     11395
     11422
     11153
     11224
     11323
     11266
     10989
     11189
     11067
     11058
     11063
     10960
     10976
     11091
     10822
     10963
     10836
     11041
     10875
     10781
     10915
     10511
     10845
     10700
     10676
     10514
     10678
     10731
     10473
     10591
     10571
     10457
     10536
     10426
     10341
     10422
     10352
     10296
     10301
     10273
     10368
     10287
      9878
     10245
     10238
      9970
     10134
      9882
     10089
     10081
     10148
      9786
      9970
      9808
      9895
      9942
      9912
      9751
      9768
      9662
      9598
      9783
      9886
      9595
      9730
      9636
      9712
      9508
      9544
      9523
      9579
      9644
      9498
      9433
      9423
      9414
      9328
      9411
      9588
      9446
      9444
      9264
      9364
      9108
      9340
      9322
      9200
      9228
      9196
      9275
      9207
      9081
      9148
      8946
      8970
      8961
      9064
      9073
      9090
      8929
      9044
      9044
      8898
      9245
      8985
      8950
      8819
      8851
      8814
      8840
      8860
      8931
      8840
      8729
      8761
      8801
      8884
      8758
      8738
      8723
      8653
      8651
      8622
      8811
      8541
      8594
      8722
      8592
      8668
      8535
      8458
      8458
      8550
      8518
      8462
      8507
      8407
      8342
      8433
      8334
      8427
      8172
      8309
      8168
      8163
      8309
      8079
      8048
      8242
      8106
      8007
      8116
      8049
      8134
      8028
      8127
      8080
      7991
      7911
      7976
      7914
      8028
      7870
      7895
      7869
      7861
      8002
      7768
      7821
      7774
      7757
      8003
      7673
      7727
      7598
      7727
      7529
      7770
      7622
      7543
      7647
      7632
      7623
      7587
      7721
      7641
      7538
      7492
      7517
      7627
      7595
      7496
      7556
      7502
      7573
      7372
      7440
      7342
      7537
      7560
      7269
      7433
      7396
      7454
      7539
      7361
      7406
      7416
      7360
      7376
      7524
      7256
      7051
      7353
      7219
      7255
      7286
      7257
      7302
      7223
      7130
      7181
      7273
      7264
      7159
      6986
      7127
      7118
      7052
      7162
      7008
      7184
      7167
      6961
      7139
      7012
      7044
      7202
      6957
      7099
      7088
      7017
      6827
      6917
      6996
      6929
      7019
      6870
      6908
      6935
      6818
      6864
      6860
      6822
      6872
      6903
      6902
      6823
      6721
      6926
      6836
      6695
      6821
      6774
      6831
      6766
      6898
      6765
      6822
      6758
      6927
      6752
      6719
      6798
      6772
      6711
      6740
      6750
      6629
      6586
      6592
      6690
      6630
      6772
      6483
      6549
      6645
      6637
      6694
      6733
      6594
      6602
      6620
      6474
      6531
      6693
      6492
      6699
      6426
      6449
      6285
      6557
      6458
      6641
      6497
      6435
      6458
      6581
      6451
      6483
      6588
      6386
      6436
      6378
      6402
      6410
      6500
      6437
      6398
      6373
      6351
      6485
      6333
      6204
      6481
      6405
      6190
      6246
      6322
      6228
      6360
      6128
      6181
      6276
      6163
      6221
      6310
      6252
      6380
      6190
      6368
      6184
      6231
      6302
      6205
      6217
      6246
      6310
      6325
      6125
      6128
      6182
      6166
      6180
      6025
      6067
      6153
      6206
      6112
      6199
      6002
      6130
      6131
      6087
      6100
      6128
      6142
      5948
      6035
      6136
      6170
      6197
      5949
      6007
      6023
      6085
      6000
      6081
      5998
      6025
      6117
      5974
      5976
      5856
      5940
      6021
      5940
      5881
      6028
      5927
      5902
      5817
      5944
      5939
      5751
      5982
      5899
      6042
      5918
      6111
      5954
      6089
      6006
      5947
      5885
      5825
      5963
      5979
      5899
      5905
      6077
      5911
      5919
      6027
      6068
      5857
      5966
      6036
      5909
      5793
      5671
      5906
      5791
      5956
      6040
      5925
      5874
      5835
      5889
      5984
      5995
      6105
      5791
      5963
      5833
      5900
      5935
      5930
      5864
      5870
      5969
      5893
      5967
      5826
      5829
      5851
      5783
      5850
      5858
      5793
      5771
      5952
      5905
      5781
      5649
      5790
      5792
      5699
      5721
      5711
      5843
      5811
      5734
      5904
      5796
      5720
      5786
      5920
      5753
      5798
      5866
      5728
      5719
      5782
      5778
      5688
      5671
      5827
      5677
      5774
      5745
      5632
      5788
      5720
      5840
      5741
      5689
      5791
      5694
      5572
      5770
      5654
      5972
      5807
      5653
      5651
      5754
      5698
      5703
      5873
      5705
      5596
      5589
      5489
      5758
      5655
      5669
      5769
      5702
      5674
      5755
      5683
      5576
      5594
      5731
      5654
      5636
      5761
      5715
      5754
      5635
      5575
      5633
      5593
      5580
      5561
      5535
      5595
      5615
      5624
      5580
      5600
      5653
      5585
      5484
      5613
      5611
      5491
      5441
      5556
      5506
      5510
      5536
      5577
      5603
      5411
      5444
      5449
      5499
      5435
      5505
      5304
      5330
      5339
      5276
      5341
      5241
      5274
      5286
      5279
      5244
      5187
      5241
      5240
      5229
      5066
      5209
      5145
      5242
      5184
      5097
      5112
      4976
      4944
      4897
      5056
      4970
      4855
      4821
      4871
      4790
      4704
      4887
      4746
      4664
      4675
      4807
      4558
      4571
      4759
      4774
      4581
      4618
      4604
      4655
      4584
      4590
      4503
      4537
      4565
      4541
      4477
      4363
      4464
      4506
      4402
      4435
      4386
      4280
      4247
      4220
      4195
      4372
      4260
      4325
      4198
      4100
      4246
      4294
      4202
      4103
      4250
      4152
      4085
      4121
      4227
      4151
      4171
      4188
      4082
      4105
      4069
      4088
      3948
      3913
      3918
      3992
      4063
      3995
      4077
      4095
      4117
      3971
      3939
      3891
      4019
      3916
      3967
      4073
      3937
      3928
      3939
      3971
      3810
      3803
      3873
      3920
      3856
      3931
      4018
      3877
      3883
      3754
      4014
      3903
      3956
      3882
      3894
      3840
      3838
      3891
      3843
      3907
      3925
      3791
      3897
      3903
      3943
      3771
      3878
      3766
      3821
      3769
      3724
      3807
      3735
      3732
      3871
      3723
      3885
      3887
      3806
      3841
      3794
      3889
      3791
      3712
      3822
      3795
      3839
      3897
      3735
      4103
      3799
      3963
      4023
      3995
      3898
      4013
      3979
      3972
      4003
      4117
      4222
      4106
      4166
      4307
      4223
      4377
      4373
      4365
      4678
      4473
      4648
      4719
      4694
      4815
      4940
      4979
      5009
      5153
      5203
      5310
      5374
      5515
      5643
      5811
      5672
      5855
      6101
      6082
      6209
      6516
      6724
      6727
      6959
      7203
      7072
      7389
      7576
      7721
      7772
      8041
      8133
      8253
      8494
      8642
      8716
      8925
      8871
      9186
      9395
      9421
      9663
      9708
      9932
     10109
     10257
     10213
     10486
     10369
     10412
     10812
     10988
     10957
     10829
     10994
     11047
     11190
     11099
     11327
     11230
     11203
     11268
     11149
     11275
     11028
     11228
     11190
     11160
     11188
     10888
     10984
     10921
     10622
     10634
     10492
     10473
     10343
     10283
      9857
      9869
      9871
      9619
      9406
      9127
      9144
      8909
      8648
      8591
      8441
      8209
      7988
      7940
      7506
      7412
      7238
      7152
      6737
      6783
      6453
      6218
      6308
      5940
      5614
      5584
      5350
      5180
      5161
      4794
      4756
      4579
      4514
      4214
      4118
      3967
      3864
      3710
      3593
      3467
      3360
      3252
      3156
      2965
      2838
      2792
      2648
      2556
      2565
      2522
      2462
      2242
      2302
      2314
      2241
      2110
      2113
      1991
      2043
      2033
      1984
      1921
      1901
      1968
      1936
      1891
      1932
      1885
      1999
      1860
      2021
      1966
      2032
      2113
      2002
      2134
      2213
      2282
      2295
      2383
      2470
      2552
      2555
      2543
      2719
      2771
      2842
      3058
      2949
      3186
      3269
      3425
      3529
      3586
      3769
      3720
      3969
      4136
      4189
      4337
      4450
      4536
      4720
      4902
      4959
      5193
      5220
      5356
      5576
      5725
      5760
      6002
      6072
      6194
      6326
      6451
      6555
      6799
      6915
      7027
      7060
      7309
      7529
      7687
      7814
      7879
      8094
      7902
      8210
      8111
      8167
      8399
      8390
      8503
      8379
      8673
      8509
      8902
      8710
      9018
      8748
      8887
      8912
      8929
      8891
      9028
      9027
      8767
      8824
      8688
      8745
      8666
      8725
      8535
      8547
      8460
      8349
      8366
      8226
      7898
      8112
      7801
      7715
      7590
      7522
      7466
      7226
      7095
      6949
      6851
      6681
      6560
      6498
      6273
      6276
      6043
      5826
      5676
      5515
      5376
      5152
      5079
      4999
      4733
      4580
      4484
      4279
      4174
      3909
      3851
      3757
      3662
      3471
      3359
      3191
      3099
      2878
      2946
      2754
      2592
      2450
      2291
      2238
      2234
      2117
      1990
      1933
      1752
      1695
      1580
      1546
      1414
      1314
      1296
      1205
      1214
      1022
      1027
       990
       890
       848
       785
       768
       734
       658
       653
       600
       567
       470
       474
       445
       421
       375
       370
       337
       321
       298
       236
       261
       214
       230
       217
       201
       189
       142
       166
       145
       110
       114
       127
       114
       102
       100
        94
        92
        71
        69
        66
        60
        64
        43
        58
        52
        29
        35
        41
        36
        34
        40
        26
        29
        38
        23
        29
        20
        26
        29
        25
        15
        23
        19
        22
        16
        23
        24
        27
        21
        18
        24
        18
        17
        14
        19
        14
        16
        16
        19
        15
        23
        17
        15
        16
        15
        12
        26
        20
        18
        18
        13
        15
        20
        14
        24
        18
        13
        16
        18
        18
        15
        18
        18
        30
        25
        14
        13
        15
        20
        20
        21
         9
        17
        17
        18
        20
        15
         9
        12
        16
        15
        24
        22
        23
        17
        17
        17
        14
        22
        15
        12
        24
         8
        13
        16
        22
        14
         9
         9
        12
        17
        15
        14
        17
        18
        18
        16
        11
        16
        16
        17
        12
        13
        17
        13
        17
        16
        13
        16
        17
        10
        12
        14
        15
        14
        16
        13
        13
         9
         9
        11
        15
        11
        13
        22
        11
        15
        17
        14
        19
        15
        15
        10
        11
        11
        16
        12
        18
        11
        11
        15
        16
        22
        10
        17
        13
        16
        14
         7
        13
         8
        14
        16
        18
        10
        15
        17
        15
        18
        21
         6
        12
        13
         9
        11
         9
         7
        16
        11
         9
        16
         8
        16
        12
        11
        11
        11
        12
        12
        13
        16
        10
        11
        13
         9
        15
        14
        16
        11
        11
        12
        11
        17
         6
        14
        11
         8
        13
        13
         6
        16
        12
        12
         7
        14
         6
        18
        11
        10
        11
        12
         7
        10
         9
        13
        16
        17
        13
         7
         9
        12
        14
        11
        11
        21
        10
        10
        12
         8
        11
        10
        12
         5
        14
        12
         7
         9
        19
        10
         7
        16
        15
         5
        12
        12
         9
        15
        10
        11
         8
        11
        13
         8
        11
        14
        10
         6
         7
         7
        12
         7
        13
         6
         9
         5
        13
         9
         6
        11
        12
        12
        10
         6
        15
        11
         8
        12
         9
        10
         7
         8
        15
        14
        10
        10
         8
        14
         9
        11
        14
        10
         9
         9
        17
        10
         6
        13
         9
         9
         7
        14
        17
         9
        11
        10
         6
         9
        11
         8
         8
         6
         9
         6
        10
         5
         9
        11
         6
         6
        11
        10
         8
        11
         8
         9
        10
         8
        11
        11
        13
        13
         7
        11
         8
        13
         9
         8
         6
         5
         8
        10
         8
         9
        10
        11
        12
         7
         5
         6
        13
        10
         6
         6
         5
         3
         5
         9
         5
         7
        10
        10
        14
         8
         2
        10
         8
         7
         7
        11
        15
         7
        15
        10
         6
         9
         7
        10
         5
         7
         2
         8
         5
         8
         4
        10
        10
        11
         7
         6
         6
        11
         3
         7
         7
        11
         5
         8
         7
         9
         7
        11
         6
         6
         8
         5
         8
         3
         6
         9
         4
         6
         7
         7
         7
         9
         6
        12
        10
         8
         2
         7
         5
         5
         6
         4
         9
         7
         5
         5
         3
        13
         6
         3
         6
         8
         6
         6
        10
        10
         4
         6
         7
         2
         6
         4
         7
         8
         9
         9
         5
         4
         6
         5
         3
         9
         6
         4
         7
         7
         6
         7
        10
         5
         3
         2
         4
         9
         5
         7
         6
         6
         4
         8
         3
         7
         2
         7
         7
         7
         6
         3
         3
        12
         5
         3
         1
         5
         5
         2
         9
        11
         8
         6
         9
        11
         7
         7
         5
         6
         7
         8
         4
        10
         9
         7
         7
         5
         8
         8
         5
         3
         5
         1
         6
         8
         3
         5
         8
         5
         5
        10
         2
         5
         3
         4
         8
         9
         6
         5
         6
         8
         3
         8
         5
         9
         5
         6
         6
         3
         4
         5
         2
         5
         3
         5
         6
         4
         4
         4
         6
         7
         6
         7
         6
         2
         5
         6
         6
         5
         7
         4
         3
         4
         7
         3
         5
         4
         3
         7
         3
         9
         6
         5
         7
         8
         8
         3
         6
         8
         6
         3
         7
         6
         7
         8
         9
         5
         3
         3
         5
         4
         3
         2
         8
         5
         6
         5
         5
         5
         5
         2
         3
         6
         1
         3
         7
         9
         4
         6
         3
         5
         4
         7
         2
         1
         6
         3
         7
         8
         7
         5
         5
         5
         2
         4
         2
         6
         6
         8
         3
         5
         4
         5
         0
         6
         5
         5
         5
         5
         3
         4
         6
         4
         4
         4
         6
         5
         6
         5
         7
         2
         5
         4
         8
         3
         8
         1
         1
         4
         2
         4
         4
         5
         2
         6
         3
         4
         1
         3
         2
         5
         2
         5
         5
         4
         8
         5
         4
         2
         9
         5
         5
         7
         1
         3
         2
         3
         5
         2
         2
         6
         5
         3
         5
         7
         4
         3
         6
         3
         3
         6
         8
         1
         4
         4
         4
         5
         4
         3
         2
         7
         3
         5
         3
         2
         6
         3
         3
         4
         1
         2
         4
         2
         4
         5
         2
         4
         4
         5
         8
         2
         2
         6
         7
         5
         3
         9
         3
         4
         6
         2
         2
         7
         3
        11
         7
         3
         5
         8
         7
         4
         4
        11
         5
         3
         3
         5
         5
         2
         4
         2
         3
         4
         2
         3
         1
         2
         2
         2
         6
         4
         3
         0
         3
         5
         2
         5
         2
         4
         6
         4
         5
         4
         4
         1
         3
         2
         9
         0
         3
         3
         2
        10
         4
         5
         2
         2
         6
         8
         5
         6
         0
         2
         2
         2
         3
         1
         3
         4
         4
         3
         3
        10
         4
         6
         4
         3
         1
         5
         2
         5
         6
         9
         2
         7
         1
         2
         4
         1
         2
         3
         3
         1
         4
         2
         2
         4
         6
         4
         2
         3
         0
         3
         4
         2
         3
         3
         3
         2
         1
         7
         5
         3
         5
         3
         2
         6
         3
         0
         2
         0
         4
         3
         4
         1
         0
         4
         2
         4
         2
         1
         2
         2
         2
         3
         1
         0
         4
         2
         1
         2
         2
         4
         1
         2
         3
         3
         1
         0
         2
         3
         1
         2
         2
         0
         1
         3
         6
         1
         2
         0
         2
         1
         3
         0
         2
         1
         3
         2
         3
         6
         1
         2
         2
         0
         2
         2
         2
         3
         2
         1
         3
         1
         1
         0
         3
         2
         0
         0
         0
         1
         2
         3
         1
         2
         0
         1
         2
         3
         2
         4
         3
         0
         2
         1
         2
         1
         1
         1
         1
         3
         2
         1
         3
         2
         0
         4
         2
         1
         5
         2
         4
         2
         3
         2
         1
         0
         7
         1
         1
         1
         2
         0
         1
         4
         4
         5
         3
         2
         0
         3
         3
         1
         4
         6
         1
         1
         4
         3
         1
         0
         0
         0
         0
         4
         2
         4
         0
         3
         0
         1
         4
         3
         5
         3
         2
         3
         4
         6
         2
         6
         3
         3
         5
         5
         4
         7
         5
         3
         4
         5
         4
         4
         8
         5
         3
         4
         4
         7
         3
         5
         8
         6
         3
         8
         3
         5
         1
         7
         4
         5
         4
         6
         5
         6
         1
         3
         1
        11
         2
         3
         4
         3
         5
         4
         4
         3
         2
         6
         7
         5
         4
         1
         6
         2
         1
         3
         2
         5
         4
         2
         3
         3
         4
         5
         1
         3
         4
         6
         6
         3
         4
         3
         3
         1
         5
         5
         1
         3
         6
         3
         3
         2
         3
         2
         4
         5
         6
         4
         1
         3
         7
         3
         2
         1
         6
         2
         5
         0
         2
         2
         1
         2
         4
         1
         1
         1
         1
         1
         1
         4
         2
         2
         1
         2
         3
         2
         3
         0
         1
         0
         1
         1
         1
         0
         0
         1
         0
         0
         0
         2
         1
         0
         1
         0
         1
         0
         0
         1
         0
         1
         0
         0
         0
         0
         1
         0
         0
         0
         0
         0
         0
         0
         1
         0
         0
         0
         0
         0
         0
         0
         0
         0
         0
         0
         0
         0
         0
         1
         0
         0
         0
         0
         0
         0
         0
         0
         0
         0
         0
         0
         0
         1
         0
         0
         0
         0
         0
         0
         0
         0
         0
         0
         0
         0
         0
         0
         0
         0
         0
         0
         0
         0
         0
         0
         0
         0
         0
         0
         0
         0
         0
         0
         0
         0
         0
         0
         0
         0
         0
         0
         0
         0
         0
         0
         0
         0
         0
         0
         0
         0
         0
         0
         0
         0
         0
         0
         0
         0
         0
         0
         0
         0
         0
         0
         0
         0
         0
         0
         0
         0
         0
         0
         0
         0
         0
         0
         0
         0
         0
         0
         0
         0
         0
         0
         0
         0
         0
         0
         0
         0
         0
         0
         0
         0
         0
         0
         0
         0
         0
         0
         0
         0
         0
         0
         0
         0
         0
         0
         0
         0
         0
         0
         0
         0
         0
         0
         0
         0
         0
         0
         0
         0
         0
         0
         0
         0
         0
         0
         0
         0
         0
         0
         0
         0
         0
         0
         0
         0
         0
         0
         0
         0
         0
         0
         0
         0
         0
         0
         0
         0
         0
         0
         0
         0
         0
         0
         0
         0
         0
         0
         0
         0
         0
         0
         0
         0
         0
         0
         0
         0
         0
         0
         0
         0
         0
         0
         0
         0
         0
         0
         0
         0
         0
         0
         0
         0
         0
         0
         0
         0
         0
         0
         0
         0
         0
         0
         0
         0
         0
         0
         0
         0
         0
         0
         0
         0
         0
         0
         0
         0
         0
         0
         0
         0
         0
         0
         0
         0
         0
         0
         0
         0
         0
         0
         0
         0
         0
         0
         0
         0
         0
         0
         0
         0
         0
         0
         0
         0
         0
         0
         0
         0
         0
         0
         0
         0
         0
         0
         0
         0
         0
         0
         0
         0
         0
         0
         0
         0
         0
         0
         0
         0
         0
         0
         0
         0
         0
         0
         0
         0
         0
         0
         0
         0
         0
         0
         0
         0
         0
         0
         0
         0
         0
         0
         0
         0
         0
         0
         0
         0
         0
         0
         0
         0
         0
         0
         0
         0
         0
         0
         0
         0
         0
         0
         0
         0
         0
         0
         0
         0
         0
         0
         0
         0
         0
         0
         0
         0
         0
         0
         0
         0
         0
         0
         0
         0
         0
         0
         0
         0
         0
         0
         0
         0
         0
         0
         0
         0
         0
         0
         0
         0
         0
         0
         0
         0
         0
         0
         0
         0
         0
         0
         0
