         0
         0
         0
         0
         0
         0
         0
         0
         0
         0
      4952
      5047
      4990
      5143
      5145
      5262
      5182
      5159
      5074
      5211
      5142
      5253
      5221
      5137
      5204
      5143
      5454
      5302
      5341
      5249
      5275
      5413
      5288
      5560
      5292
      5337
      5384
      5491
      5544
      5512
      5447
      5559
      5385
      5486
      5537
      5500
      5740
      5607
      5678
      5679
      5639
      5669
      5741
      5643
      5723
      5769
      5827
      5809
      5823
      5819
      6024
      5794
      5967
      5903
      5966
      6057
      5892
      5975
      5949
      5943
      6157
      6141
      5961
      6036
      6139
      5932
      5938
      6156
      6046
      6031
      5932
      6198
      6248
      6086
      6128
      6021
      6227
      6119
      6142
      6112
      6215
      6155
      6203
      6090
      6183
      6042
      6094
      6266
      6230
      6170
      6233
      6303
      6330
      6426
      6288
      6303
      6373
      6216
      6356
      6272
      6299
      6449
      6450
      6396
      6337
      6410
      6390
      6496
      6535
      6615
      6659
      6578
      6641
      6531
      6811
      6715
      6683
      6653
      6905
      6623
      6826
      6559
      6762
      6654
      6669
      6761
      6684
      6649
      6536
      6655
      6633
      6636
      6645
      6639
      6694
      6814
      6833
      6780
      6721
      6627
      6833
      6648
      6763
      6898
      6736
      6688
      6665
      6794
      6834
      6766
      6884
      6847
      7024
      7073
      6905
      6928
      7099
      6977
      7122
      7094
      7340
      7185
      7515
      7564
      7574
      7759
      7834
      7932
      7947
      8235
      8239
      8457
      8397
      8632
      8608
      8855
      8950
      9139
      9237
      9244
      9258
      9363
      9279
      9473
      9721
      9605
      9630
      9524
      9660
      9613
      9615
      9714
      9716
      9518
      9535
      9501
      9546
      9491
      9466
      9377
      9326
      9298
      9171
      9415
      9287
      9219
      9204
      9153
      9032
      8953
      8881
      9027
      8923
      8874
      8794
      8892
      8880
      8818
      8875
      8786
      8805
      8754
      8592
      8749
      8616
      8487
      8518
      8588
      8467
      8483
      8379
      8309
      8475
      8469
      8301
      8309
      8284
      8347
      8232
      8292
      8380
      8434
      8153
      8048
      8166
      8147
      8173
      8120
      7982
      8152
      8055
      8114
      8115
      8074
      7967
      7925
      7846
      7956
      7974
      7870
      8047
      7923
      7873
      7832
      7687
      7817
      7822
      7815
      7770
      7717
      7812
      7601
      7839
      7619
      7568
      7686
      7931
      7752
      7675
      7600
      7673
      7698
      7801
      7571
      7739
      7738
      7689
      7610
      7474
      7583
      7635
      7479
      7565
      7543
      7718
      7668
      7548
      7375
      7539
      7516
      7529
      7305
      7405
      7398
      7470
      7505
      7461
      7533
      7398
      7288
      7425
      7262
      7341
      7453
      7245
      7270
      7354
      7282
      7280
      7313
      7333
      7267
      7224
      7174
      7261
      7253
      7227
      7430
      7158
      7204
      7427
      7114
      7275
      7184
      7302
      6993
      7253
      7228
      6996
      7027
      7181
      7268
      7250
      7006
      6956
      7273
      6935
      7127
      6917
      7066
      7233
      7089
      7003
      7011
      7143
      7055
      7014
      6993
      6934
      6908
      7083
      6866
      7065
      7093
      6964
      7057
      7135
      7140
      7067
      7094
      7165
      7105
      7005
      7075
      7188
      7030
      6911
      7219
      6981
      6956
      7069
      7052
      7104
      7004
      7136
      7072
      7231
      7061
      7197
      7231
      7182
      7071
      7309
      7219
      7204
      7259
      7207
      7128
      7333
      7297
      7197
      7124
      7105
      7407
      7352
      7395
      7253
      7479
      7527
      7446
      7216
      7369
      7504
      7262
      7416
      7529
      7363
      7547
      7482
      7619
      7674
      7422
      7492
      7468
      7413
      7740
      7784
      7543
      7512
      7688
      7498
      7538
      7433
      7440
      7513
      7477
      7490
      7485
      7501
      7402
      7452
      7330
      7383
      7505
      7479
      7260
      7040
      7238
      7240
      7202
      7117
      7010
      6866
      6833
      6918
      6651
      6651
      6663
      6467
      6268
      6303
      6171
      6139
      6069
      5774
      5860
      5697
      5525
      5588
      5256
      5412
      5046
      5068
      4932
      4891
      4745
      4606
      4615
      4477
      4294
      4378
      4143
      4161
      4044
      3946
      3775
      3729
      3810
      3533
      3551
      3469
      3547
      3306
      3226
      3247
      3208
      3105
      3042
      3028
      3086
      3028
      2983
      2932
      2803
      2781
      2857
      2815
      2717
      2689
      2734
      2700
      2591
      2607
      2545
      2596
      2512
      2529
      2527
      2465
      2533
      2444
      2413
      2409
      2373
      2396
      2295
      2410
      2312
      2339
      2285
      2280
      2266
      2291
      2274
      2266
      2270
      2268
      2201
      2140
      2149
      2252
      2191
      2113
      2194
      2229
      2102
      2096
      2169
      2123
      2144
      2190
      2144
      2086
      2050
      2169
      2164
      2022
      2076
      2109
      2073
      2000
      2067
      2145
      1938
      1992
      2058
      1909
      1971
      2025
      2014
      2098
      2085
      2033
      1981
      1937
      2006
      2043
      2050
      2114
      2092
      2119
      2067
      2192
      2262
      2256
      2336
      2435
      2525
      2622
      2722
      2732
      2919
      3119
      3220
      3484
      3612
      3897
      4176
      4432
      4674
      5064
      5411
      5900
      6232
      6754
      7309
      7794
      8574
      9181
      9840
     10726
     11412
     12473
     13463
     14668
     15491
     16577
     17778
     19202
     20474
     21726
     22832
     24775
     26062
     27721
     28798
     30621
     32523
     33989
     35474
     37075
     38900
     40724
     41967
     43905
     45205
     47125
     48282
     49956
     51049
     53196
     53308
     54781
     56239
     56899
     57512
     58259
     58586
     59618
     59422
     60526
     60007
     60298
     59544
     59118
     58703
     58227
     57673
     56577
     55985
     54724
     53611
     52277
     50902
     49145
     47991
     46615
     45255
     43490
     41910
     40473
     38166
     36677
     34986
     33047
     31756
     29938
     28251
     26908
     25015
     23711
     22118
     20572
     19318
     17974
     16475
     15373
     14366
     13146
     12050
     11100
     10193
      9244
      8456
      7676
      7083
      6357
      5830
      5142
      4630
      4187
      3755
      3317
      3074
      2648
      2341
      2168
      1784
      1638
      1510
      1226
      1137
       984
       874
       751
       648
       568
       487
       453
       384
       286
       294
       212
       197
       191
       144
       135
       113
        89
        72
        45
        48
        47
        36
        26
        29
        20
        19
        16
        12
         7
         8
         4
         8
         5
         2
         2
         4
         4
         1
         0
         1
         1
         3
         0
         1
         0
         1
         0
         0
         3
         1
         0
         2
         0
         0
         0
         1
         1
         0
         1
         0
         2
         0
         2
         0
         0
         0
         1
         0
         0
         0
         0
         1
         0
         0
         0
         1
         2
         1
         1
         0
         0
         0
         0
         1
         0
         2
         0
         0
         0
         0
         0
         0
         1
         0
         1
         0
         0
         2
         0
         0
         0
         0
         0
         0
         1
         0
         0
         0
         0
         0
         0
         0
         0
         0
         0
         0
         0
         0
         0
         0
         0
         0
         1
         0
         0
         0
         0
         0
         0
         0
         0
         1
         0
         0
         0
         0
         0
         0
         0
         1
         1
         0
         0
         0
         0
         0
         0
         0
         0
         0
         0
         0
         0
         0
         0
         1
         0
         0
         1
         0
         0
         0
         0
         0
         0
         0
         0
         0
         0
         0
         0
         0
         0
         1
         0
         0
         1
         0
         0
         0
         0
         0
         0
         1
         0
         0
         0
         0
         0
         0
         0
         0
         0
         0
         1
         0
         0
         0
         0
         0
         0
         0
         0
         0
         0
         0
         0
         0
         0
         0
         0
         0
         0
         0
         0
         0
         0
         0
         0
         0
         0
         0
         0
         0
         0
         0
         0
         0
         0
         1
         0
         0
         0
         0
         0
         0
         0
         0
         0
         0
         0
         0
         0
         0
         0
         0
         0
         0
         0
         0
         0
         0
         0
         0
         0
         0
         0
         0
         0
         0
         0
         0
         0
         0
         0
         0
         0
         0
         0
         0
         0
         0
         0
         0
         0
         0
         0
         0
         0
         0
         0
         0
         0
         0
         0
         0
         0
         0
         0
         0
         0
         0
         0
         0
         0
         0
         0
         0
         0
         0
         0
         0
         0
         0
         0
         0
         0
         0
         0
         0
         0
         0
         0
         0
         0
         0
         0
         0
         0
         0
         0
         0
         0
         0
         0
         0
         0
         0
         0
         0
         0
         0
         0
         0
         0
         0
         0
         0
         0
         0
         0
         0
         0
         0
         0
         0
         0
         0
         0
         0
         0
         0
         0
         0
         0
         0
         0
         0
         0
         0
         0
         1
         0
         0
         0
         0
         0
         0
         0
         0
         0
         0
         0
         0
         0
         0
         0
         0
         0
         0
         0
         0
         0
         0
         0
         0
         0
         0
         0
         0
         0
         0
         0
         0
         0
         0
         0
         0
         0
         0
         0
         0
         0
         0
         0
         0
         0
         0
         0
         0
         0
         0
         0
         0
         0
         0
         0
         0
         0
         0
         0
         0
         0
         0
         0
         0
         0
         0
         0
         0
         0
         0
         0
         0
         0
         0
         0
         0
         0
         0
         0
         0
         0
         0
         0
         0
         0
         0
         0
         0
         0
         0
         0
         0
         0
         0
         0
         0
         0
         0
         0
         0
         0
         0
         0
         0
         0
         0
         0
         0
         0
         0
         0
         0
         0
         0
         0
         0
         0
         0
         0
         0
         0
         0
         0
         0
         0
         0
         0
         0
         0
         0
         0
         0
         0
         0
         0
         0
         0
         0
         0
         0
         0
         0
         0
         0
         0
         0
         0
         0
         0
         0
         0
         0
         0
         0
         0
         0
         0
         0
         0
         0
         0
         0
         0
         0
         0
         0
         0
         0
         0
         0
         0
         0
         0
         0
         0
         0
         0
         0
         0
         0
         0
         0
         0
         0
         0
         0
         0
         0
         0
         0
         0
         0
         0
         0
         0
         0
         0
         0
         0
         0
         0
         0
         0
         0
         0
         0
         0
         0
         0
         0
         0
         0
         0
         0
         0
         0
         0
         0
         0
         0
         0
         0
         0
         0
         0
         0
         0
         0
         0
         0
         0
         0
         0
         0
         0
         0
         0
         0
         0
         0
         0
         0
         0
         0
         0
         0
         0
         0
         0
         0
         0
         0
         0
         0
         0
         0
         0
         0
         0
         0
         0
         0
         0
         0
         0
         0
         0
         0
         0
         0
         0
         0
         0
         0
         0
         0
         0
         0
         0
         0
         0
         0
         0
         0
         0
         0
         0
         0
         0
         0
         0
         0
         0
         0
         0
         0
         0
         0
         0
         0
         0
         0
         0
         0
         0
         0
         0
         0
         0
         0
         0
         0
         0
         0
         0
         0
         0
         0
         0
         0
         0
         0
         0
         0
         0
         0
         0
         0
         0
         0
         0
         0
         0
         0
         0
         0
         0
         0
         0
         0
         0
         0
         0
         0
         0
         0
         0
         0
         0
         0
         0
         0
         0
         0
         0
         0
         0
         0
         0
         0
         0
         0
         0
         0
         0
         0
         0
         0
         0
         0
         0
         0
         0
         0
         0
         0
         0
         0
         0
         0
         0
         0
         0
         0
         0
         0
         0
         0
         0
         0
         0
         0
         0
         0
         0
         0
         0
         0
         0
         0
         0
         0
         0
         0
         0
         0
         0
         0
         0
         0
         0
         0
         0
         0
         0
         0
         0
         0
         0
         0
         0
         0
         0
         0
         0
         0
         0
         0
         0
         0
         0
         0
         0
         0
         0
         0
         0
         0
         0
         0
         0
         0
         0
         0
         0
         0
         0
         0
         0
         0
         0
         0
         0
         0
         0
         0
         0
         0
         0
         0
         0
         0
         0
         0
         0
         0
         0
         0
         0
         0
         0
         0
         0
         0
         0
         0
         0
         0
         0
         0
         0
         0
         0
         0
         0
         0
         0
         0
         0
         0
         0
         0
         0
         0
         0
         0
         0
         0
         0
         0
         0
         0
         0
         0
         0
         0
         0
         0
         0
         0
         0
         0
         0
         0
         0
         0
         0
         0
         0
         0
         0
         0
         0
         0
         0
         0
         0
         0
         0
         0
         0
         0
         0
         0
         0
         0
         0
         0
         0
         0
         0
         0
         0
         0
         0
         0
         0
         0
         0
         0
         0
         0
         0
         0
         0
         0
         0
         0
         0
         0
         0
         0
         0
         0
         0
         0
         0
         0
         0
         0
         0
         0
         0
         0
         0
         0
         0
         0
         0
         0
         0
         0
         0
         0
         0
         0
         0
         0
         0
         0
         0
         0
         0
         0
         0
         0
         0
         0
         0
         0
         0
         0
         0
         0
         0
         0
         0
         0
         0
         0
         0
         0
         0
         0
         0
         0
         0
         0
         0
         0
         0
         0
         0
         0
         0
         0
         0
         0
         0
         0
         0
         0
         0
         0
         0
         0
         0
         0
         0
         0
         0
         0
         0
         0
         0
         0
         0
         0
         0
         0
         0
         0
         0
         0
         0
         0
         0
         0
         0
         0
         0
         0
         0
         0
         0
         0
         0
         0
         0
         0
         0
         0
         0
         0
         0
         0
         0
         0
         0
         0
         0
         0
         0
         0
         0
         0
         0
         0
         0
         0
         0
         0
         0
         0
         0
         0
         0
         0
         0
         0
         0
         0
         0
         0
         0
         0
         0
         0
         0
         0
         0
         0
         0
         0
         0
         0
         0
         0
         0
         0
         0
         0
         0
         0
         0
         0
         0
         0
         0
         0
         0
         0
         0
         0
         0
         0
         0
         0
         0
         0
         0
         0
         0
         0
         0
         0
         0
         0
         0
         0
         0
         0
         0
         0
         0
         0
         0
         0
         0
         0
         0
         0
         0
         0
         0
         0
         0
         0
         0
         0
         0
         0
         0
         0
         0
         0
         0
         0
         0
         0
         0
         0
         0
         0
         0
         0
         0
         0
         0
         0
         0
         0
         0
         0
         0
         0
         0
         0
         0
         0
         0
         0
         0
         0
         0
         0
         0
         0
         0
         0
         0
         0
         0
         0
         0
         0
         0
         0
         0
         0
         0
         0
         0
         0
         0
         0
         0
         0
         0
         0
         0
         0
         0
         0
         0
         0
         0
         0
         0
         0
         0
         0
         0
         0
         0
         0
         0
         0
         0
         0
         0
         0
         0
         0
         0
         0
         0
         0
         0
         0
         0
         0
         0
         0
         0
         0
         0
         0
         0
         0
         0
         0
         0
         0
         0
         0
         0
         0
         0
         0
         0
         0
         0
         0
         0
         0
         0
         0
         0
         0
         0
         0
         0
         0
         0
         0
         0
         0
         0
         0
         0
         0
         0
         0
         0
         0
         0
         0
         0
         0
         0
         0
         0
         0
         0
         0
         0
         0
         0
         0
         0
         0
         0
         0
         0
         0
         0
         0
         0
         0
         0
         0
         0
         0
         0
         0
         0
         0
         0
         0
         0
         0
         0
         0
         0
         0
         0
         0
         0
         0
         0
         0
         0
         0
         0
         0
         0
         0
         0
         0
         0
         0
         0
         0
         0
         0
         0
         0
         0
         0
         0
         0
         0
         0
         0
         0
         0
         0
         0
         0
         0
         0
         0
         0
         0
         0
         0
         0
         0
         0
         0
         0
         0
         0
         0
         0
         0
         0
         0
         0
         0
         0
         0
         0
         0
         0
         0
         0
         0
         0
         0
         0
         0
         0
         0
         0
         0
         0
         0
         0
         0
         0
         0
         0
         0
         0
         0
         0
         0
         0
         0
         0
         0
         0
         0
         0
         0
         0
         0
         0
         0
         0
         0
         0
         0
         0
         0
         0
         0
         0
         0
         0
         0
         0
         0
         0
         0
         0
         0
         0
         0
         0
         0
         0
         0
         0
         0
         0
         0
         0
         0
         0
         0
         0
         0
         0
         0
         0
         0
         0
         0
         0
         0
         0
         0
         0
         0
         0
         0
         0
         0
         0
         0
         0
         0
         0
         0
         0
         0
         0
         0
         0
         0
         0
         0
         0
         0
         0
         0
         0
         0
         0
         0
         0
         0
         0
         0
         0
         0
         0
         0
         0
         0
         0
         0
         0
         0
         0
         0
         0
         0
         0
         0
         0
         0
         0
         0
         0
         0
         0
         0
         0
         0
         0
         0
         0
         0
         0
         0
         0
         0
         0
         0
         0
         0
         0
         0
         0
         0
         0
         0
         0
         0
         0
         0
         0
         0
         0
         0
         0
         0
         0
         0
         0
         0
         0
         0
         0
         0
         0
         0
         0
         0
         0
         0
         0
         0
         0
         0
         0
         0
         0
         0
         0
         0
         0
         0
         0
         0
         0
         0
         0
         0
         0
         0
         0
         0
         0
         0
         0
         0
         0
         0
         0
         0
         0
         0
         0
         0
         0
         0
         0
         0
         0
         0
         0
         0
         0
         0
         0
         0
         0
         0
         0
         0
         0
         0
         0
         0
         0
         0
         0
         0
         0
         0
         0
         0
         0
         0
         0
         0
         0
         0
         0
         0
         0
         0
         0
         0
         0
         0
         0
         0
         0
         0
         0
         0
         0
         0
         0
         0
         0
         0
         0
         0
         0
         0
         0
         0
         0
         0
         0
         0
         0
         0
         0
         0
         0
         0
         0
         0
         0
         0
         0
         0
         0
         0
         0
         0
         0
         0
         0
         0
         0
         0
         0
         0
         0
         0
         0
         0
         0
         0
         0
         0
         0
         0
         0
         0
         0
         0
         0
         0
         0
         0
         0
         0
         0
         0
         0
         0
         0
         0
         0
         0
         0
         0
         0
         0
         0
         0
         0
         0
         0
         0
         0
         0
         0
         0
         0
         0
         0
         0
         0
         0
         0
         0
         0
         0
         0
         0
         0
         0
         0
         0
         0
         0
         0
         0
         0
         0
         0
         0
         0
         0
         0
         0
         0
         0
         0
         0
         0
         0
         0
         0
         0
         0
         0
         0
         0
         0
         0
         0
         0
         0
         0
         0
         0
         0
         0
         0
         0
         0
         0
         0
         0
         0
         0
         0
         0
         0
         0
         0
         0
         0
         0
         0
         0
         0
         0
         0
         0
         0
         0
         0
         0
         0
         0
         0
         0
         0
         0
         0
         0
         0
         0
         0
         0
         0
         0
         0
         0
         0
         0
         0
         0
         0
         0
         0
         0
         0
         0
         0
         0
         0
         0
         0
         0
         0
         0
         0
         0
         0
         0
         0
         0
         0
         0
         0
         0
         0
         0
         0
         0
         0
         0
         0
         0
         0
         0
         0
         0
         0
         0
         0
         0
         0
         0
         0
         0
         0
         0
         0
         0
         0
         0
         0
         0
         0
         0
         0
         0
         0
         0
         0
         0
         0
         0
         0
         0
         0
         0
         0
         0
         0
         0
         0
         0
         0
         0
         0
         0
         0
         0
         0
         0
         0
         0
         0
         0
         0
         0
         0
         0
         0
         0
         0
         0
         0
         0
         0
         0
         0
         0
         0
         0
         0
         0
         0
         0
         0
         0
         0
         0
         0
         0
         0
         0
         0
         0
         0
         0
         0
         0
         0
         0
         0
         0
         0
         0
         0
         0
         0
         0
         0
         0
         0
         0
         0
         0
         0
         0
         0
         0
         0
         0
         0
         0
         0
         0
         0
         0
         0
         0
         0
         0
         0
         0
         0
         0
         0
         0
         0
         0
         0
         0
         0
         0
         0
         0
         0
         0
         0
         0
         0
         0
         0
         0
         0
         0
         0
         0
         0
         0
         0
         0
         0
         0
         0
         0
         0
         0
         0
         0
         0
         0
         0
         0
         0
         0
         0
         0
         0
         0
         0
         0
         0
         0
         0
         0
         0
         0
         0
         0
         0
         0
         0
         0
         0
         0
         0
         0
         0
         0
         0
         0
         0
         0
         0
         0
         0
         0
         0
         0
         0
         0
         0
         0
         0
         0
         0
         0
         0
         0
         0
         0
         0
         0
         0
         0
         0
         0
         0
         0
         0
         0
         0
         0
         0
         0
         0
         0
         0
         0
         0
         0
         0
         0
         0
         0
         0
         0
         0
         0
         0
         0
         0
         0
         0
         0
         0
         0
         0
         0
         0
         0
         0
         0
         0
         0
         0
         0
         0
         0
         0
         0
         0
         0
         0
         0
         0
         0
         0
         0
         0
         0
         0
         0
         0
         0
         0
         0
         0
         0
         0
         0
         0
         0
         0
         0
         0
         0
         0
         0
         0
         0
         0
         0
         0
         0
         0
         0
         0
         0
         0
         0
         0
         0
         0
         0
         0
         0
         0
         0
         0
         0
         0
         0
         0
         0
         0
         0
         0
         0
         0
         0
         0
         0
         0
         0
         0
         0
         0
         0
         0
         0
         0
         0
         0
         0
         0
         0
         0
         0
         0
         0
         0
         0
         0
         0
         0
         0
         0
         0
         0
         0
         0
         0
         0
         0
         0
         0
         0
         0
         0
         0
         0
         0
         0
         0
         0
         0
         0
         0
         0
         0
         0
         0
         0
         0
         0
         0
         0
         0
         0
         0
         0
         0
         0
         0
         0
         0
         0
         0
         0
         0
         0
         0
         0
         0
         0
         0
         0
         0
         0
         0
         0
         0
         0
         0
         0
         0
         0
         0
         0
         0
         0
         0
         0
         0
         0
         0
         0
         0
         0
         0
         0
         0
         0
         0
         0
         0
         0
         0
         0
         0
         0
         0
         0
         0
         0
         0
         0
         0
         0
