         0
         0
         0
         0
         0
         0
         0
         0
         0
         0
      4918
      4728
      4859
      4908
      4879
      4889
      4969
      5052
      4939
      4954
      5073
      4948
      4986
      4959
      4933
      5041
      5007
      5004
      5075
      5143
      5227
      5110
      5191
      5146
      5257
      5162
      4989
      5161
      5176
      5203
      5265
      5169
      5199
      5289
      5171
      5214
      5248
      5355
      5143
      5428
      5151
      5410
      5280
      5272
      5291
      5333
      5339
      5244
      5380
      5419
      5412
      5334
      5339
      5407
      5414
      5317
      5501
      5268
      5508
      5424
      5553
      5451
      5544
      5604
      5610
      5598
      5785
      5770
      5713
      5833
      5793
      5844
      5973
      5958
      6107
      6130
      6077
      6102
      6408
      6213
      6337
      6354
      6222
      6461
      6564
      6628
      6630
      6936
      6869
      6925
      6914
      6950
      7052
      7045
      7225
      7409
      7437
      7373
      7487
      7444
      7607
      7806
      7819
      7763
      8271
      8206
      8072
      8204
      8350
      8262
      8386
      8695
      8704
      8730
      8714
      8794
      8783
      8748
      8823
      8851
      8945
      9052
      8970
      9054
      8919
      8992
      9343
      9018
      9228
      9164
      9252
      9382
      9437
      9340
      9419
      9447
      9425
      9531
      9397
      9357
      9559
      9617
      9627
      9655
      9619
      9663
      9875
      9539
      9785
      9770
      9850
      9822
      9844
      9889
      9796
     10023
      9847
     10024
     10038
     10199
     10269
     10415
     10507
     10616
     10554
     11102
     10929
     11069
     11037
     11268
     11498
     11512
     11563
     11824
     11826
     11964
     12315
     12514
     12355
     12336
     12549
     12667
     12662
     12825
     12682
     12644
     12940
     12916
     12850
     13061
     12735
     12850
     12788
     12707
     12819
     12660
     12561
     12606
     12408
     12564
     12511
     12715
     12552
     12274
     12007
     12194
     12223
     11967
     12334
     11928
     11918
     11683
     11960
     11665
     11732
     11780
     11669
     11628
     11473
     11412
     11518
     11276
     11320
     11347
     11211
     11300
     11325
     11165
     11040
     11026
     10975
     10930
     11084
     10807
     10768
     10815
     10700
     10753
     10551
     10497
     10643
     10579
     10403
     10399
     10691
     10427
     10400
     10319
     10260
     10332
     10146
     10315
     10250
     10271
     10043
     10055
     10007
      9995
      9955
      9973
      9922
     10004
      9820
      9867
      9848
      9701
      9733
      9617
      9881
      9625
      9715
      9650
      9381
      9823
      9655
      9561
      9410
      9661
      9322
      9269
      9487
      9413
      9309
      9425
      9440
      9402
      9181
      9149
      9281
      9159
      9174
      9169
      9023
      9166
      9139
      9136
      9049
      9009
      9204
      8971
      8979
      8861
      8792
      8862
      8966
      8850
      8924
      8907
      8850
      8818
      8781
      8553
      8650
      8610
      8706
      8800
      8595
      8562
      8568
      8459
      8540
      8589
      8615
      8412
      8491
      8426
      8380
      8447
      8435
      8502
      8270
      8356
      8283
      8364
      8255
      8390
      8403
      8370
      8366
      8287
      8181
      8213
      8101
      8098
      8207
      8253
      8272
      8185
      8127
      7995
      8045
      8273
      7939
      8010
      8169
      7915
      8040
      7961
      8041
      7992
      7994
      7922
      8036
      7973
      7815
      7802
      7835
      7838
      8013
      7768
      7733
      7833
      7757
      7854
      7822
      7790
      7678
      7726
      7932
      7815
      7744
      7748
      7789
      7862
      7763
      7719
      7688
      7920
      7742
      7839
      7777
      7722
      7891
      7710
      7810
      7826
      7879
      7773
      7786
      7828
      7838
      7876
      7719
      7790
      7656
      7810
      7853
      7772
      7664
      7655
      7926
      7801
      7951
      7907
      7881
      7841
      7687
      7740
      7711
      7858
      7933
      7828
      7761
      7880
      7732
      7717
      7921
      7732
      7794
      7680
      7658
      7742
      7593
      7660
      7763
      7617
      7551
      7721
      7752
      7767
      7502
      7522
      7482
      7387
      7535
      7530
      7512
      7322
      7329
      7323
      7213
      7337
      7007
      7016
      7062
      6878
      6977
      6854
      6822
      6744
      6602
      6648
      6551
      6402
      6360
      6276
      6113
      6080
      6048
      5932
      5962
      5822
      5669
      5604
      5390
      5499
      5519
      5243
      5205
      5134
      5173
      5169
      5112
      4934
      4927
      4764
      4789
      4772
      4516
      4608
      4509
      4378
      4385
      4342
      4254
      4420
      4221
      4322
      4210
      4220
      4093
      4122
      4130
      3968
      3989
      3958
      4092
      3850
      3928
      3860
      3706
      3820
      3885
      3740
      3691
      3790
      3775
      3762
      3744
      3567
      3739
      3650
      3630
      3588
      3552
      3603
      3701
      3667
      3638
      3531
      3568
      3572
      3403
      3482
      3481
      3480
      3539
      3557
      3472
      3436
      3443
      3403
      3366
      3403
      3399
      3507
      3528
      3347
      3359
      3345
      3398
      3340
      3351
      3393
      3441
      3328
      3384
      3337
      3332
      3331
      3368
      3351
      3174
      3385
      3332
      3300
      3274
      3306
      3314
      3209
      3278
      3371
      3308
      3248
      3184
      3335
      3397
      3306
      3344
      3312
      3392
      3377
      3355
      3384
      3439
      3550
      3507
      3615
      3678
      3570
      3781
      3741
      3984
      4175
      4167
      4436
      4602
      4775
      4997
      5126
      5260
      5564
      5767
      6250
      6503
      6896
      7313
      7736
      8399
      8769
      9293
      9831
     10704
     11156
     11944
     12753
     13437
     14205
     15267
     15992
     16918
     17949
     19150
     20363
     21046
     22093
     23509
     24756
     25385
     26967
     27926
     28988
     30137
     31440
     32436
     33706
     34508
     35502
     36545
     37508
     38901
     39348
     39819
     40572
     41593
     42173
     42555
     42770
     42873
     43344
     43021
     43404
     43201
     43160
     42712
     42438
     42340
     41442
     41011
     39863
     39379
     38742
     37958
     36812
     35577
     34540
     33693
     32261
     31450
     29931
     28553
     27146
     26123
     25230
     23912
     22690
     21428
     20273
     18696
     17989
     16880
     15680
     14978
     13722
     12807
     11854
     11034
     10049
      9294
      8663
      7827
      7396
      6729
      6212
      5533
      4945
      4614
      4156
      3697
      3270
      2980
      2627
      2402
      2068
      1889
      1664
      1483
      1355
      1223
      1037
       912
       767
       668
       618
       538
       451
       378
       344
       313
       252
       230
       185
       155
       155
       107
        87
        84
        68
        58
        40
        34
        33
        26
        21
        18
        15
        15
        10
        13
        12
         5
         7
         8
         3
         1
         0
         1
         2
         2
         1
         1
         0
         0
         1
         1
         1
         0
         0
         1
         1
         0
         0
         0
         0
         0
         1
         0
         0
         0
         0
         0
         0
         0
         0
         0
         0
         2
         0
         0
         1
         0
         1
         1
         0
         0
         0
         0
         0
         0
         0
         0
         0
         0
         0
         0
         0
         0
         1
         0
         0
         0
         0
         0
         1
         0
         0
         1
         0
         0
         0
         0
         0
         0
         0
         0
         0
         0
         0
         0
         0
         0
         0
         0
         0
         0
         1
         0
         0
         0
         0
         0
         0
         0
         0
         0
         0
         0
         0
         0
         0
         0
         0
         0
         0
         0
         0
         0
         0
         0
         0
         0
         0
         0
         0
         0
         1
         0
         0
         0
         0
         0
         0
         0
         0
         0
         0
         0
         0
         0
         0
         0
         0
         0
         0
         0
         0
         0
         0
         0
         0
         0
         0
         0
         0
         1
         0
         0
         0
         0
         0
         0
         0
         0
         0
         0
         0
         0
         0
         0
         0
         0
         0
         0
         0
         0
         0
         0
         0
         0
         0
         0
         0
         0
         0
         0
         0
         0
         0
         0
         0
         0
         0
         0
         0
         1
         0
         0
         0
         0
         0
         0
         0
         0
         0
         0
         0
         0
         0
         0
         0
         0
         0
         0
         0
         0
         0
         0
         0
         0
         0
         0
         0
         0
         0
         0
         0
         0
         0
         0
         0
         0
         0
         0
         0
         0
         0
         0
         0
         0
         0
         0
         0
         0
         0
         0
         0
         0
         0
         0
         0
         0
         0
         0
         0
         0
         0
         0
         0
         0
         0
         0
         0
         0
         0
         0
         0
         0
         0
         0
         0
         0
         0
         0
         0
         0
         0
         0
         0
         0
         0
         0
         0
         0
         0
         0
         0
         0
         0
         0
         0
         0
         0
         0
         0
         0
         0
         0
         0
         0
         0
         0
         0
         0
         0
         0
         0
         0
         0
         0
         0
         0
         0
         0
         0
         0
         0
         0
         0
         0
         0
         0
         0
         0
         0
         0
         0
         0
         0
         0
         0
         0
         0
         0
         0
         0
         0
         0
         0
         0
         0
         0
         0
         0
         0
         0
         0
         0
         0
         0
         0
         0
         0
         0
         0
         0
         0
         0
         0
         0
         0
         0
         0
         0
         0
         0
         0
         0
         0
         0
         0
         0
         0
         0
         0
         0
         0
         0
         0
         0
         0
         0
         0
         0
         0
         0
         0
         0
         0
         0
         0
         0
         0
         0
         0
         0
         0
         0
         0
         0
         0
         0
         0
         0
         0
         0
         0
         0
         0
         0
         0
         0
         0
         0
         0
         0
         0
         0
         0
         0
         0
         0
         0
         0
         0
         0
         0
         0
         0
         0
         0
         0
         0
         0
         0
         0
         0
         0
         0
         0
         0
         0
         0
         0
         0
         0
         0
         0
         0
         0
         0
         0
         0
         0
         0
         0
         0
         0
         0
         0
         0
         0
         0
         0
         0
         0
         0
         0
         0
         0
         0
         0
         0
         0
         0
         0
         0
         0
         0
         0
         0
         0
         0
         0
         0
         0
         0
         0
         0
         0
         0
         0
         0
         0
         0
         0
         0
         0
         0
         0
         0
         0
         0
         0
         0
         0
         0
         0
         0
         0
         0
         0
         0
         0
         0
         0
         0
         0
         0
         0
         0
         0
         0
         0
         0
         0
         0
         0
         0
         0
         0
         0
         0
         0
         0
         0
         0
         0
         0
         0
         0
         0
         0
         0
         0
         0
         0
         0
         0
         0
         0
         0
         0
         0
         0
         0
         0
         0
         0
         0
         0
         0
         0
         0
         0
         0
         0
         0
         0
         0
         0
         0
         0
         0
         0
         0
         0
         0
         0
         0
         0
         0
         0
         0
         0
         0
         0
         0
         0
         0
         0
         0
         0
         0
         0
         0
         0
         0
         0
         0
         0
         0
         0
         0
         0
         0
         0
         0
         0
         0
         0
         0
         0
         0
         0
         0
         0
         0
         0
         0
         0
         0
         0
         0
         0
         0
         0
         0
         0
         0
         0
         0
         0
         0
         0
         0
         0
         0
         0
         0
         0
         0
         0
         0
         0
         0
         0
         0
         0
         0
         0
         0
         0
         0
         0
         0
         0
         0
         0
         0
         0
         0
         0
         0
         0
         0
         0
         0
         0
         0
         0
         0
         0
         0
         0
         0
         0
         0
         0
         0
         0
         0
         0
         0
         0
         0
         0
         0
         0
         0
         0
         0
         0
         0
         0
         0
         0
         0
         0
         0
         0
         0
         0
         0
         0
         0
         0
         0
         0
         0
         0
         0
         0
         0
         0
         0
         0
         0
         0
         0
         0
         0
         0
         0
         0
         0
         0
         0
         0
         0
         0
         0
         0
         0
         0
         0
         0
         0
         0
         0
         0
         0
         0
         0
         0
         0
         0
         0
         0
         0
         0
         0
         0
         0
         0
         0
         0
         0
         0
         0
         0
         0
         0
         0
         0
         0
         0
         0
         0
         0
         0
         0
         0
         0
         0
         0
         0
         0
         0
         0
         0
         0
         0
         0
         0
         0
         0
         0
         0
         0
         0
         0
         0
         0
         0
         0
         0
         0
         0
         0
         0
         0
         0
         0
         0
         0
         0
         0
         0
         0
         0
         0
         0
         0
         0
         0
         0
         0
         0
         0
         0
         0
         0
         0
         0
         0
         0
         0
         0
         0
         0
         0
         0
         0
         0
         0
         0
         0
         0
         0
         0
         0
         0
         0
         0
         0
         0
         0
         0
         0
         0
         0
         0
         0
         0
         0
         0
         0
         0
         0
         0
         0
         0
         0
         0
         0
         0
         0
         0
         0
         0
         0
         0
         0
         0
         0
         0
         0
         0
         0
         0
         0
         0
         0
         0
         0
         0
         0
         0
         0
         0
         0
         0
         0
         0
         0
         0
         0
         0
         0
         0
         0
         0
         0
         0
         0
         0
         0
         0
         0
         0
         0
         0
         0
         0
         0
         0
         0
         0
         0
         0
         0
         0
         0
         0
         0
         0
         0
         0
         0
         0
         0
         0
         0
         0
         0
         0
         0
         0
         0
         0
         0
         0
         0
         0
         0
         0
         0
         0
         0
         0
         0
         0
         0
         0
         0
         0
         0
         0
         0
         0
         0
         0
         0
         0
         0
         0
         0
         0
         0
         0
         0
         0
         0
         0
         0
         0
         0
         0
         0
         0
         0
         0
         0
         0
         0
         0
         0
         0
         0
         0
         0
         0
         0
         0
         0
         0
         0
         0
         0
         0
         0
         0
         0
         0
         0
         0
         0
         0
         0
         0
         0
         0
         0
         0
         0
         0
         0
         0
         0
         0
         0
         0
         0
         0
         0
         0
         0
         0
         0
         0
         0
         0
         0
         0
         0
         0
         0
         0
         0
         0
         0
         0
         0
         0
         0
         0
         0
         0
         0
         0
         0
         0
         0
         0
         0
         0
         0
         0
         0
         0
         0
         0
         0
         0
         0
         0
         0
         0
         0
         0
         0
         0
         0
         0
         0
         0
         0
         0
         0
         0
         0
         0
         0
         0
         0
         0
         0
         0
         0
         0
         0
         0
         0
         0
         0
         0
         0
         0
         0
         0
         0
         0
         0
         0
         0
         0
         0
         0
         0
         0
         0
         0
         0
         0
         0
         0
         0
         0
         0
         0
         0
         0
         0
         0
         0
         0
         0
         0
         0
         0
         0
         0
         0
         0
         0
         0
         0
         0
         0
         0
         0
         0
         0
         0
         0
         0
         0
         0
         0
         0
         0
         0
         0
         0
         0
         0
         0
         0
         0
         0
         0
         0
         0
         0
         0
         0
         0
         0
         0
         0
         0
         0
         0
         0
         0
         0
         0
         0
         0
         0
         0
         0
         0
         0
         0
         0
         0
         0
         0
         0
         0
         0
         0
         0
         0
         0
         0
         0
         0
         0
         0
         0
         0
         0
         0
         0
         0
         0
         0
         0
         0
         0
         0
         0
         0
         0
         0
         0
         0
         0
         0
         0
         0
         0
         0
         0
         0
         0
         0
         0
         0
         0
         0
         0
         0
         0
         0
         0
         0
         0
         0
         0
         0
         0
         0
         0
         0
         0
         0
         0
         0
         0
         0
         0
         0
         0
         0
         0
         0
         0
         0
         0
         0
         0
         0
         0
         0
         0
         0
         0
         0
         0
         0
         0
         0
         0
         0
         0
         0
         0
         0
         0
         0
         0
         0
         0
         0
         0
         0
         0
         0
         0
         0
         0
         0
         0
         0
         0
         0
         0
         0
         0
         0
         0
         0
         0
         0
         0
         0
         0
         0
         0
         0
         0
         0
         0
         0
         0
         0
         0
         0
         0
         0
         0
         0
         0
         0
         0
         0
         0
         0
         0
         0
         0
         0
         0
         0
         0
         0
         0
         0
         0
         0
         0
         0
         0
         0
         0
         0
         0
         0
         0
         0
         0
         0
         0
         0
         0
         0
         0
         0
         0
         0
         0
         0
         0
         0
         0
         0
         0
         0
         0
         0
         0
         0
         0
         0
         0
         0
         0
         0
         0
         0
         0
         0
         0
         0
         0
         0
         0
         0
         0
         0
         0
         0
         0
         0
         0
         0
         0
         0
         0
         0
         0
         0
         0
         0
         0
         0
         0
         0
         0
         0
         0
         0
         0
         0
         0
         0
         0
         0
         0
         0
         0
         0
         0
         0
         0
         0
         0
         0
         0
         0
         0
         0
         0
         0
         0
         0
         0
         0
         0
         0
         0
         0
         0
         0
         0
         0
         0
         0
         0
         0
         0
         0
         0
         0
         0
         0
         0
         0
         0
         0
         0
         0
         0
         0
         0
         0
         0
         0
         0
         0
         0
         0
         0
         0
         0
         0
         0
         0
         0
         0
         0
         0
         0
         0
         0
         0
         0
         0
         0
         0
         0
         0
         0
         0
         0
         0
         0
         0
         0
         0
         0
         0
         0
         0
         0
         0
         0
         0
         0
         0
         0
         0
         0
         0
         0
         0
         0
         0
         0
         0
         0
         0
         0
         0
         0
         0
         0
         0
         0
         0
         0
         0
         0
         0
         0
         0
         0
         0
         0
         0
         0
         0
         0
         0
         0
         0
         0
         0
         0
         0
         0
         0
         0
         0
         0
         0
         0
         0
         0
         0
         0
         0
         0
         0
         0
         0
         0
         0
         0
         0
         0
         0
         0
         0
         0
         0
         0
         0
         0
         0
         0
         0
         0
         0
         0
         0
         0
         0
         0
         0
         0
         0
         0
         0
         0
         0
         0
         0
         0
         0
         0
         0
         0
         0
         0
         0
         0
         0
         0
         0
         0
         0
         0
         0
         0
         0
         0
         0
         0
         0
         0
         0
         0
         0
         0
         0
         0
         0
         0
         0
         0
         0
         0
         0
         0
         0
         0
         0
         0
         0
         0
         0
         0
         0
         0
         0
         0
         0
         0
         0
         0
         0
         0
         0
         0
         0
         0
         0
         0
         0
         0
         0
         0
         0
         0
         0
         0
         0
         0
         0
         0
         0
         0
         0
         0
         0
         0
         0
         0
         0
         0
         0
         0
         0
         0
         0
         0
         0
         0
         0
         0
         0
         0
         0
         0
         0
         0
         0
         0
         0
         0
         0
         0
         0
         0
         0
         0
         0
         0
         0
         0
         0
         0
         0
         0
         0
         0
         0
         0
         0
         0
         0
         0
         0
         0
         0
         0
         0
         0
         0
         0
         0
         0
         0
         0
         0
         0
         0
         0
         0
         0
         0
         0
         0
         0
         0
         0
         0
         0
         0
         0
         0
         0
         0
         0
         0
         0
         0
         0
         0
         0
         0
         0
         0
         0
         0
         0
         0
         0
         0
         0
         0
         0
         0
         0
         0
         0
         0
         0
         0
         0
         0
         0
         0
         0
         0
         0
         0
         0
         0
         0
         0
         0
         0
         0
         0
         0
         0
         0
         0
         0
         0
         0
         0
         0
         0
         0
         0
         0
         0
         0
         0
         0
         0
         0
         0
         0
         0
         0
         0
         0
         0
         0
         0
         0
         0
         0
         0
         0
         0
         0
         0
         0
         0
         0
         0
         0
         0
         0
         0
         0
         0
         0
         0
         0
         0
         0
         0
         0
         0
         0
         0
         0
         0
         0
         0
         0
         0
         0
         0
         0
         0
         0
         0
         0
         0
         0
         0
         0
         0
         0
         0
         0
         0
         0
         0
         0
         0
         0
         0
         0
         0
         0
         0
         0
         0
         0
         0
         0
         0
         0
         0
         0
         0
         0
         0
         0
         0
         0
         0
         0
         0
         0
         0
         0
         0
         0
         0
         0
         0
         0
         0
         0
         0
         0
         0
         0
         0
         0
         0
         0
         0
         0
         0
         0
         0
         0
         0
         0
         0
         0
         0
         0
         0
         0
         0
         0
         0
         0
         0
         0
         0
         0
         0
         0
         0
         0
         0
         0
         0
         0
         0
         0
         0
         0
         0
         0
         0
         0
         0
         0
         0
         0
         0
         0
         0
         0
         0
         0
         0
         0
         0
         0
         0
         0
         0
         0
         0
         0
         0
         0
         0
         0
         0
         0
         0
         0
         0
         0
         0
         0
         0
         0
         0
         0
         0
         0
         0
         0
         0
         0
         0
         0
         0
         0
         0
         0
         0
         0
         0
         0
         0
         0
         0
         0
         0
         0
         0
         0
         0
         0
         0
         0
         0
         0
         0
         0
         0
         0
         0
         0
         0
         0
         0
         0
         0
         0
         0
         0
         0
         0
         0
         0
         0
         0
         0
         0
         0
         0
         0
         0
         0
         0
         0
         0
         0
         0
         0
         0
         0
         0
         0
         0
         0
         0
         0
         0
         0
         0
         0
         0
         0
         0
         0
         0
         0
         0
         0
         0
         0
         0
         0
         0
         0
         0
         0
         0
         0
         0
         0
         0
         0
         0
         0
         0
         0
         0
         0
         0
         0
         0
         0
         0
         0
         0
         0
         0
         0
         0
         0
         0
         0
         0
         0
         0
         0
         0
         0
         0
         0
         0
         0
         0
         0
         0
         0
         0
         0
         0
         0
         0
         0
         0
         0
         0
         0
         0
         0
         0
         0
         0
         0
         0
         0
         0
         0
         0
         0
         0
         0
         0
         0
         0
         0
         0
         0
         0
         0
         0
         0
         0
         0
         0
         0
         0
         0
         0
         0
         0
         0
         0
         0
         0
         0
         0
         0
         0
         0
         0
         0
         0
         0
         0
         0
         0
         0
         0
         0
         0
         0
         0
         0
         0
         0
         0
         0
         0
         0
         0
         0
         0
         0
         0
         0
         0
         0
         0
         0
         0
         0
         0
         0
         0
         0
         0
         0
         0
         0
         0
         0
         0
         0
         0
         0
         0
         0
         0
         0
         0
         0
         0
         0
         0
         0
         0
         0
         0
         0
         0
         0
         0
         0
         0
         0
         0
         0
         0
         0
         0
         0
         0
         0
         0
         0
         0
         0
