         0
         0
         0
         0
         0
         0
         0
         0
         0
         0
      1911
      1975
      1893
      1930
      1865
      1939
      1979
      1961
      1958
      1938
      1917
      2032
      2025
      1927
      2053
      1923
      1946
      1972
      2044
      1925
      1960
      1957
      2050
      1989
      1983
      1949
      1962
      1913
      2042
      1964
      2020
      1957
      2030
      1894
      2058
      2007
      2027
      2019
      2040
      1954
      1988
      1974
      1934
      2007
      1954
      1932
      1992
      1991
      1991
      1953
      2045
      1972
      1922
      1909
      1967
      1963
      1966
      1954
      1928
      1896
      2025
      1888
      1911
      1903
      1906
      1897
      1873
      1846
      1955
      1924
      1856
      1907
      1931
      1929
      1911
      1915
      1937
      1942
      1991
      1885
      1976
      1987
      2041
      2055
      2011
      2072
      1959
      2022
      1934
      2020
      1931
      2007
      1974
      1960
      2000
      2013
      1995
      2035
      1898
      2069
      1951
      1956
      2018
      2036
      2036
      2016
      1979
      1997
      2027
      1970
      2067
      2012
      2036
      2025
      1976
      2054
      2032
      1992
      2045
      2103
      2100
      2048
      2128
      2068
      2118
      2181
      2073
      2126
      2137
      2113
      2125
      2065
      2165
      2168
      2070
      2102
      2155
      2062
      2223
      2296
      2177
      2138
      2095
      2205
      2253
      2232
      2182
      2147
      2235
      2127
      2174
      2158
      2139
      2191
      2150
      2116
      2152
      2094
      2169
      2090
      2180
      2134
      2053
      2030
      2087
      2049
      2157
      2171
      2087
      2091
      2143
      2168
      2167
      2118
      2058
      2145
      2117
      2185
      2167
      2193
      2166
      2129
      2118
      2151
      2149
      2234
      2185
      2257
      2165
      2173
      2287
      2222
      2283
      2299
      2428
      2459
      2435
      2355
      2379
      2348
      2426
      2478
      2494
      2517
      2547
      2592
      2609
      2660
      2590
      2565
      2563
      2586
      2646
      2654
      2611
      2610
      2454
      2698
      2708
      2696
      2674
      2594
      2643
      2524
      2525
      2566
      2638
      2497
      2541
      2530
      2551
      2480
      2514
      2535
      2484
      2526
      2513
      2503
      2482
      2521
      2528
      2425
      2448
      2436
      2435
      2485
      2588
      2416
      2430
      2384
      2442
      2468
      2375
      2505
      2466
      2470
      2390
      2446
      2441
      2348
      2433
      2445
      2456
      2393
      2319
      2544
      2424
      2359
      2436
      2339
      2401
      2406
      2401
      2438
      2311
      2485
      2387
      2448
      2376
      2359
      2303
      2482
      2216
      2388
      2395
      2356
      2392
      2363
      2397
      2419
      2402
      2380
      2331
      2350
      2363
      2397
      2311
      2365
      2393
      2254
      2314
      2419
      2330
      2340
      2282
      2349
      2309
      2358
      2304
      2382
      2296
      2348
      2340
      2362
      2306
      2263
      2333
      2341
      2276
      2355
      2258
      2289
      2236
      2269
      2300
      2297
      2307
      2272
      2319
      2289
      2262
      2195
      2315
      2236
      2308
      2229
      2268
      2386
      2281
      2275
      2259
      2297
      2298
      2274
      2380
      2249
      2264
      2264
      2364
      2216
      2278
      2242
      2262
      2267
      2301
      2285
      2292
      2306
      2289
      2178
      2279
      2356
      2272
      2201
      2265
      2300
      2351
      2154
      2389
      2191
      2269
      2258
      2248
      2284
      2298
      2249
      2291
      2244
      2231
      2257
      2231
      2293
      2212
      2204
      2274
      2246
      2181
      2281
      2219
      2242
      2241
      2189
      2258
      2209
      2197
      2154
      2278
      2203
      2244
      2240
      2145
      2253
      2222
      2153
      2202
      2223
      2179
      2266
      2269
      2245
      2186
      2149
      2241
      2182
      2139
      2243
      2169
      2249
      2212
      2294
      2248
      2192
      2189
      2143
      2251
      2238
      2211
      2271
      2140
      2218
      2103
      2174
      2197
      2282
      2137
      2171
      2278
      2226
      2208
      2180
      2266
      2226
      2191
      2203
      2121
      2172
      2164
      2273
      2127
      2168
      2171
      2168
      2130
      2062
      2148
      2264
      2202
      2173
      2195
      2229
      2173
      2188
      2160
      2117
      2217
      2233
      2156
      2216
      2150
      2171
      2150
      2113
      2238
      2156
      2149
      2161
      2181
      2121
      2151
      2157
      2131
      2155
      2091
      2247
      2222
      2204
      2242
      2135
      2179
      2144
      2232
      2134
      2156
      2249
      2144
      2216
      2260
      2254
      2186
      2099
      2222
      2183
      2203
      2192
      2156
      2085
      2150
      2117
      2105
      2263
      2161
      2202
      2216
      2279
      2195
      2204
      2259
      2310
      2230
      2070
      2221
      2207
      2256
      2196
      2278
      2190
      2271
      2161
      2250
      2234
      2134
      2229
      2193
      2184
      2198
      2211
      2253
      2246
      2222
      2247
      2275
      2233
      2284
      2266
      2258
      2292
      2273
      2310
      2222
      2178
      2296
      2225
      2340
      2245
      2299
      2262
      2232
      2283
      2300
      2218
      2311
      2335
      2250
      2246
      2286
      2304
      2269
      2227
      2185
      2235
      2291
      2264
      2241
      2279
      2238
      2281
      2372
      2306
      2245
      2245
      2232
      2168
      2246
      2251
      2213
      2317
      2310
      2260
      2193
      2358
      2252
      2289
      2340
      2278
      2277
      2237
      2284
      2265
      2316
      2216
      2283
      2338
      2256
      2297
      2267
      2318
      2283
      2261
      2355
      2296
      2236
      2190
      2273
      2335
      2313
      2319
      2343
      2363
      2271
      2357
      2188
      2288
      2243
      2189
      2376
      2260
      2389
      2368
      2399
      2283
      2232
      2365
      2253
      2350
      2251
      2373
      2299
      2301
      2181
      2285
      2376
      2378
      2373
      2342
      2398
      2373
      2303
      2378
      2404
      2344
      2341
      2317
      2411
      2338
      2268
      2373
      2307
      2395
      2372
      2316
      2359
      2435
      2342
      2330
      2380
      2357
      2320
      2379
      2381
      2363
      2359
      2362
      2360
      2307
      2308
      2322
      2390
      2404
      2330
      2342
      2392
      2383
      2440
      2354
      2396
      2422
      2419
      2471
      2398
      2383
      2404
      2418
      2384
      2408
      2469
      2372
      2429
      2415
      2431
      2425
      2426
      2423
      2409
      2492
      2425
      2517
      2419
      2402
      2529
      2511
      2539
      2381
      2552
      2487
      2411
      2445
      2509
      2468
      2445
      2542
      2323
      2473
      2481
      2481
      2518
      2513
      2396
      2565
      2529
      2521
      2444
      2557
      2506
      2505
      2570
      2448
      2516
      2468
      2613
      2532
      2536
      2628
      2569
      2526
      2544
      2571
      2495
      2616
      2529
      2599
      2539
      2541
      2582
      2505
      2597
      2544
      2619
      2627
      2505
      2570
      2544
      2485
      2551
      2696
      2576
      2630
      2641
      2631
      2630
      2571
      2547
      2535
      2665
      2603
      2618
      2595
      2621
      2692
      2646
      2608
      2594
      2663
      2634
      2699
      2612
      2725
      2655
      2596
      2697
      2697
      2676
      2658
      2681
      2698
      2792
      2702
      2615
      2699
      2761
      2809
      2736
      2728
      2689
      2825
      2761
      2789
      2710
      2763
      2747
      2675
      2770
      2815
      2815
      2838
      2825
      2744
      2725
      2835
      2832
      2825
      2827
      2782
      2789
      2863
      2739
      2786
      2864
      2765
      2802
      2860
      2792
      2809
      2805
      2807
      2878
      2849
      2952
      2812
      2792
      2843
      2828
      2818
      2728
      2934
      2957
      2945
      2908
      2769
      2911
      2909
      2857
      2909
      2994
      2949
      2933
      2867
      2942
      2839
      2868
      2901
      2814
      2879
      2925
      2865
      2888
      2990
      2941
      2970
      2922
      2853
      2948
      3048
      2979
      2977
      2957
      2966
      2952
      3003
      3053
      3003
      2964
      3056
      2955
      3051
      3038
      3125
      3004
      2960
      2910
      3041
      2979
      2927
      3169
      2968
      3045
      2996
      3017
      2981
      2904
      3185
      3140
      2967
      2979
      3090
      3022
      3074
      3021
      2991
      3124
      3112
      2918
      2986
      2958
      2912
      2968
      3071
      3065
      3055
      2988
      2917
      2952
      2871
      2995
      2812
      2939
      2985
      2892
      2988
      2935
      2973
      2931
      2978
      2908
      2943
      2844
      2726
      2793
      2855
      2753
      2834
      2731
      2789
      2739
      2702
      2755
      2733
      2674
      2740
      2669
      2594
      2679
      2679
      2573
      2537
      2553
      2544
      2401
      2446
      2505
      2446
      2398
      2442
      2448
      2361
      2465
      2338
      2418
      2335
      2294
      2342
      2313
      2437
      2383
      2262
      2242
      2253
      2263
      2230
      2167
      2193
      2076
      2085
      2173
      2170
      2174
      2176
      2099
      2124
      2098
      2151
      2070
      2042
      2067
      2033
      2051
      2040
      2081
      2036
      2031
      2053
      2028
      1948
      1994
      1999
      2031
      1980
      2011
      2045
      1963
      2013
      1905
      1991
      1845
      1964
      1887
      1929
      1904
      1942
      2000
      1930
      1917
      1974
      1872
      1941
      1986
      1900
      1832
      1988
      1879
      1923
      1916
      1862
      1917
      1850
      1906
      1949
      1844
      1886
      1872
      1884
      1924
      1910
      1878
      1861
      1791
      1817
      1877
      1935
      1849
      1873
      1854
      1871
      1867
      1891
      1883
      1892
      1835
      1781
      1840
      1906
      1751
      1840
      1773
      1870
      1801
      1816
      1971
      1838
      1901
      1939
      1886
      1875
      1898
      1780
      1910
      1834
      1841
      1957
      1903
      1993
      2015
      1995
      1968
      2058
      2038
      2167
      2086
      2189
      2158
      2239
      2421
      2383
      2375
      2382
      2334
      2545
      2589
      2571
      2629
      2691
      2749
      2830
      3005
      2993
      3139
      3146
      3246
      3315
      3496
      3596
      3629
      3880
      3914
      4054
      4123
      4263
      4397
      4784
      4699
      4821
      5015
      5238
      5387
      5617
      5623
      5867
      5958
      6074
      6219
      6603
      6655
      6821
      6958
      7124
      7389
      7469
      7910
      7783
      7901
      8001
      8285
      8467
      8602
      8834
      9010
      9034
      8958
      9334
      9492
      9696
      9678
      9718
      9736
      9766
      9962
     10026
     10116
     10062
     10467
     10259
     10279
     10151
     10203
     10203
     10045
     10169
     10022
     10103
     10059
     10131
     10029
      9797
      9652
      9766
      9553
      9458
      9261
      9163
      9057
      9002
      8623
      8568
      8206
      8286
      7984
      7936
      7768
      7436
      7227
      7350
      7028
      6812
      6657
      6369
      6332
      6146
      5919
      5829
      5543
      5437
      5155
      5081
      4926
      4673
      4406
      4281
      4135
      3886
      3900
      3600
      3528
      3341
      3131
      3162
      2966
      2686
      2575
      2575
      2474
      2377
      2256
      2200
      2144
      1973
      1778
      1805
      1729
      1692
      1616
      1546
      1554
      1441
      1361
      1350
      1306
      1280
      1283
      1193
      1229
      1234
      1156
      1154
      1186
      1217
      1243
      1175
      1245
      1320
      1274
      1280
      1333
      1325
      1395
      1484
      1478
      1529
      1626
      1613
      1756
      1724
      1963
      1936
      2127
      1972
      2143
      2297
      2409
      2451
      2593
      2663
      2824
      2856
      3112
      3198
      3263
      3380
      3484
      3644
      3760
      3908
      4029
      4141
      4334
      4477
      4503
      4694
      4863
      4933
      5119
      5330
      5350
      5499
      5661
      5774
      5981
      5985
      6344
      6255
      6602
      6516
      6848
      6821
      6974
      7114
      7052
      7272
      7328
      7501
      7430
      7592
      7690
      7864
      7943
      7970
      8087
      7764
      8091
      8136
      7998
      7975
      8236
      8281
      8088
      8011
      8045
      8039
      8123
      8100
      7933
      8033
      7946
      7850
      7752
      7835
      7696
      7575
      7523
      7556
      7282
      7085
      6951
      6967
      6871
      6646
      6575
      6460
      6522
      6302
      6286
      5901
      5974
      5587
      5583
      5323
      5329
      5206
      5037
      4951
      4733
      4532
      4411
      4282
      4297
      4058
      3985
      3708
      3551
      3581
      3373
      3338
      3109
      3058
      2944
      2749
      2729
      2508
      2386
      2333
      2176
      2110
      2015
      1921
      1782
      1760
      1629
      1652
      1466
      1463
      1369
      1228
      1194
      1185
      1057
       973
      1008
       883
       883
       794
       756
       667
       692
       637
       585
       567
       539
       467
       422
       378
       394
       371
       304
       314
       260
       257
       253
       232
       210
       187
       168
       163
       163
       128
       146
       107
       100
       100
        96
        88
        75
        79
        69
        54
        65
        57
        47
        25
        32
        32
        45
        29
        24
        23
        21
        17
        24
        19
        14
        18
        12
        19
        16
         7
         7
         9
         5
        11
         6
         3
         3
         4
         7
         4
         3
         3
         2
         3
         4
         4
         2
         2
         2
         0
         4
         3
         2
         0
         3
         0
         3
         0
         1
         2
         1
         2
         2
         1
         3
         0
         2
         2
         2
         0
         2
         2
         2
         0
         0
         0
         0
         0
         5
         1
         1
         2
         3
         1
         2
         0
         1
         0
         0
         1
         0
         0
         0
         0
         2
         0
         1
         2
         2
         2
         0
         2
         1
         0
         3
         0
         0
         0
         0
         0
         0
         0
         1
         1
         0
         1
         1
         2
         0
         1
         1
         4
         0
         2
         0
         1
         1
         0
         1
         0
         0
         0
         1
         4
         0
         3
         0
         1
         3
         2
         2
         0
         0
         1
         0
         0
         1
         1
         1
         0
         2
         1
         1
         0
         4
         3
         3
         1
         0
         1
         3
         1
         1
         2
         1
         0
         2
         2
         1
         1
         2
         1
         0
         1
         3
         0
         0
         2
         3
         0
         1
         2
         3
         1
         0
         0
         1
         0
         2
         2
         2
         3
         0
         1
         2
         0
         3
         0
         2
         0
         1
         1
         2
         2
         1
         3
         3
         0
         2
         1
         2
         1
         0
         2
         0
         3
         1
         1
         0
         1
         0
         0
         4
         1
         4
         1
         0
         1
         2
         1
         1
         2
         0
         1
         2
         0
         0
         4
         1
         2
         1
         5
         0
         2
         3
         1
         3
         2
         1
         4
         4
         5
         2
         2
         0
         2
         0
         2
         2
         4
         1
         4
         1
         3
         1
         1
         2
         2
         4
         2
         0
         1
         1
         0
         3
         2
         3
         1
         0
         2
         2
         1
         0
         4
         5
         2
         5
         1
         1
         5
         1
         3
         2
         3
         1
         2
         5
         0
         1
         2
         3
         1
         1
         2
         1
         2
         4
         4
         1
         1
         0
         0
         2
         1
         2
         2
         0
         3
         0
         4
         2
         1
         3
         1
         1
         0
         1
         2
         3
         4
         1
         0
         0
         2
         3
         1
         1
         1
         1
         2
         3
         3
         4
         3
         1
         4
         1
         2
         1
         3
         4
         1
         3
         3
         1
         0
         0
         4
         0
         2
         1
         0
         0
         1
         2
         2
         2
         1
         1
         2
         0
         1
         1
         1
         3
         1
         2
         3
         1
         2
         0
         2
         1
         2
         0
         0
         0
         1
         2
         1
         1
         2
         1
         1
         0
         0
         1
         2
         1
         0
         1
         1
         1
         2
         1
         1
         0
         0
         0
         1
         2
         3
         2
         1
         2
         4
         2
         1
         2
         1
         1
         1
         4
         2
         0
         3
         0
         1
         0
         2
         2
         1
         3
         1
         1
         0
         1
         2
         0
         2
         0
         1
         2
         1
         1
         0
         1
         0
         2
         1
         1
         0
         2
         2
         2
         2
         3
         1
         0
         1
         1
         2
         0
         0
         0
         0
         2
         2
         0
         5
         3
         2
         0
         1
         0
         0
         2
         1
         1
         0
         2
         1
         0
         0
         1
         0
         1
         0
         0
         1
         0
         2
         1
         0
         0
         0
         0
         1
         2
         0
         1
         1
         2
         2
         0
         0
         0
         2
         1
         1
         1
         0
         1
         0
         0
         1
         1
         1
         3
         0
         0
         0
         1
         2
         0
         0
         2
         2
         0
         0
         1
         0
         3
         0
         0
         2
         1
         0
         1
         4
         0
         0
         2
         0
         1
         2
         0
         4
         0
         0
         1
         1
         2
         0
         2
         1
         1
         3
         1
         2
         2
         1
         1
         4
         1
         0
         1
         0
         0
         2
         1
         2
         0
         1
         1
         1
         2
         2
         1
         1
         1
         0
         0
         0
         1
         1
         0
         2
         1
         1
         1
         1
         0
         0
         0
         1
         1
         1
         0
         0
         2
         0
         1
         0
         2
         0
         1
         0
         0
         0
         0
         0
         1
         0
         2
         1
         0
         1
         0
         0
         0
         0
         1
         3
         1
         0
         0
         0
         0
         1
         2
         2
         1
         2
         0
         1
         0
         1
         1
         1
         0
         1
         1
         3
         0
         0
         1
         0
         1
         2
         0
         2
         1
         1
         2
         1
         0
         0
         0
         2
         1
         1
         3
         0
         1
         1
         0
         0
         1
         1
         1
         2
         0
         0
         1
         3
         0
         2
         2
         3
         1
         0
         0
         2
         1
         0
         0
         1
         1
         0
         0
         2
         0
         2
         0
         0
         0
         0
         2
         0
         0
         1
         0
         3
         0
         1
         1
         0
         0
         3
         1
         2
         2
         1
         1
         1
         0
         3
         1
         2
         2
         1
         1
         4
         1
         0
         1
         3
         4
         0
         1
         2
         2
         2
         0
         4
         2
         1
         2
         0
         1
         1
         1
         3
         1
         2
         0
         0
         1
         2
         0
         2
         2
         3
         1
         0
         1
         1
         2
         0
         0
         0
         1
         4
         1
         2
         2
         2
         2
         0
         1
         0
         2
         3
         3
         0
         2
         2
         1
         2
         3
         2
         0
         4
         1
         0
         0
         4
         1
         1
         2
         1
         2
         1
         1
         2
         3
         2
         1
         3
         4
         2
         2
         1
         3
         2
         1
         0
         5
         3
         4
         2
         1
         1
         4
         3
         1
         1
         0
         2
         3
         0
         3
         5
         2
         2
         1
         1
         1
         1
         1
         1
         1
         2
         3
         2
         1
         2
         3
         3
         5
         3
         2
         3
         1
         0
         1
         1
         1
         2
         5
         1
         2
         5
         3
         0
         4
         2
         2
         1
         1
         2
         0
         1
         2
         4
         2
         0
         1
         2
         1
         1
         1
         3
         2
         2
         2
         0
         1
         1
         0
         1
         2
         0
         1
         1
         4
         0
         0
         1
         0
         1
         1
         2
         2
         1
         1
         2
         1
         1
         0
         1
         0
         0
         0
         1
         1
         0
         0
         1
         1
         0
         0
         3
         1
         1
         0
         1
         1
         0
         1
         0
         1
         0
         0
         0
         0
         0
         0
         0
         1
         1
         0
         0
         0
         0
         0
         0
         0
         1
         0
         1
         2
         0
         0
         0
         0
         0
         1
         0
         1
         0
         0
         1
         0
         0
         0
         0
         0
         3
         0
         0
         0
         1
         1
         0
         1
         0
         0
         0
         0
         0
         0
         1
         0
         1
         0
         0
         0
         1
         0
         1
         2
         2
         0
         0
         0
         1
         2
         0
         0
         0
         1
         0
         1
         1
         1
         2
         2
         0
         0
         2
         0
         0
         3
         1
         1
         2
         1
         0
         1
         1
         1
         1
         1
         1
         3
         1
         0
         1
         0
         0
         1
         1
         1
         1
         0
         0
         1
         0
         3
         1
         1
         2
         3
         1
         1
         2
         1
         2
         2
         5
         2
         4
         1
         4
         3
         1
         1
         2
         3
         0
         2
         1
         1
         2
         3
         1
         2
         2
         2
         3
         5
         3
         3
         0
         4
         1
         3
         3
         2
         3
         1
         4
         1
         3
         1
         2
         3
         4
         1
         1
         0
         5
         3
         2
         0
         1
         3
         1
         1
         3
         1
         1
         4
         3
         2
         1
         0
         3
         2
         1
         3
         2
         2
         4
         1
         3
         2
         0
         0
         0
         1
         1
         0
         2
         2
         1
         0
         0
         1
         0
         2
         3
         2
         0
         1
         1
         0
         0
         1
         1
         2
         1
         0
         2
         0
         0
         2
         3
         0
         0
         0
         1
         0
         2
         0
         0
         1
         1
         0
         2
         2
         0
         2
         0
         2
         0
         0
         0
         1
         1
         1
         1
         0
         0
         1
         0
         0
         0
         1
         0
         2
         0
         1
         0
         0
         0
         0
         0
         0
         0
         0
         0
         1
         0
         0
         0
         0
         0
         2
         0
         0
         0
         0
         0
         0
         0
         1
         1
         0
         0
         0
         0
         0
         0
         0
         0
         0
         0
         0
         0
         0
         0
         0
         0
         0
         0
         0
         0
         0
         0
         0
         0
         0
         0
         0
         0
         0
         0
         0
         0
         0
         0
         0
         0
         0
         0
         0
         0
         0
         0
         0
         0
         0
         0
         0
         0
         0
         0
         0
         1
         0
         0
         0
         0
         0
         0
         0
         0
         0
         0
         0
         0
         0
         0
         0
         0
         0
         0
         0
         0
         0
         0
         0
         0
         0
         0
         0
         0
         0
         0
         0
         0
         0
         0
         0
         0
         0
         0
         0
         0
         0
         0
         0
         0
         0
         0
         0
         0
         0
         0
         0
         0
         0
         0
         0
         0
         0
         0
         0
         0
         0
         0
         0
         0
         0
         0
         0
         0
         0
         0
         0
         0
         0
         0
         0
         0
         0
         0
         0
         0
         0
         0
         0
         0
         0
         0
         0
         0
         0
         0
         0
         0
         0
         0
         0
         0
         0
         0
         0
         0
         0
         0
         0
         0
         0
         0
         0
         0
         0
         0
         0
         0
         0
         0
         0
         0
         0
         0
         0
         0
         0
         0
         0
         0
         0
         0
         0
         0
         0
         0
         0
         0
         0
         0
         0
         0
         0
         0
         0
         0
         0
         0
         0
         0
         0
         0
         0
         0
         0
         0
         0
         0
         0
         0
         0
         0
         0
         0
         0
         0
         0
         0
         0
         0
         0
         0
         0
         0
         0
         0
         0
         0
         0
         0
         0
         0
         0
         0
         0
         0
         0
         0
         0
         0
         0
         0
         0
         0
         0
         0
         0
         0
         0
         0
         0
         0
         0
         0
         0
         0
         0
         0
         0
         0
         0
         0
         0
         0
         0
         0
         0
         0
         0
         0
         0
         0
         0
         0
         0
         0
         0
         0
         0
         0
         0
         0
         0
         0
         0
         0
         0
         0
         0
         0
         0
         0
         0
         0
         0
         0
         0
         0
         0
         0
         0
         0
         0
         0
         0
         0
         0
         0
         0
         0
         0
         0
         0
         0
         0
         0
         0
         0
         0
         0
         0
         0
         0
         0
         0
         0
         0
         0
         0
         0
         0
         0
         0
         0
         0
         0
         0
         0
         0
         0
         0
         0
         0
         0
         0
         0
         0
         0
         0
         0
         0
         0
         0
         0
         0
         0
         0
         0
         0
         0
         0
         0
         0
         0
         0
         0
         0
         0
         0
         0
         0
