         0
         0
         0
         0
         0
         0
         0
         0
         0
         0
      3181
      3395
      3343
      3299
      3419
      3382
      3420
      3410
      3366
      3379
      3372
      3288
      3482
      3419
      3488
      3406
      3422
      3481
      3449
      3587
      3520
      3487
      3464
      3611
      3541
      3710
      3617
      3617
      3482
      3621
      3616
      3550
      3536
      3599
      3649
      3573
      3557
      3616
      3580
      3620
      3582
      3647
      3539
      3599
      3643
      3675
      3579
      3697
      3627
      3743
      3673
      3726
      3636
      3723
      3723
      3681
      3749
      3821
      3811
      3770
      3919
      3876
      3972
      3995
      3973
      4034
      4048
      4288
      4142
      4292
      4283
      4276
      4324
      4350
      4425
      4609
      4606
      4581
      4772
      4853
      4835
      4908
      4967
      5087
      5144
      5421
      5432
      5386
      5575
      5562
      5883
      5791
      6053
      6097
      6179
      6134
      6236
      6626
      6840
      6933
      6751
      6816
      7089
      7005
      7203
      7320
      7385
      7553
      7507
      7727
      7789
      7844
      7894
      8020
      7949
      8169
      8280
      8069
      8442
      8377
      8430
      8673
      8555
      8768
      8742
      8807
      8945
      8977
      9095
      9287
      8936
      9142
      9243
      9165
      9215
      9451
      9271
      9312
      9387
      9299
      9419
      9633
      9562
      9583
      9770
      9604
      9818
      9791
      9778
      9851
      9845
      9851
      9795
      9914
     10242
      9866
     10131
     10002
     10246
     10192
     10143
     10360
     10351
     10277
     10547
     10409
     10302
     10491
     10586
     10712
     10429
     10519
     10698
     10627
     10770
     10604
     10875
     10662
     10845
     10989
     10909
     10663
     10687
     10864
     10908
     10807
     10596
     10679
     10796
     10831
     10669
     10584
     10450
     10659
     10470
     10588
     10510
     10516
     10604
     10415
     10389
     10414
     10505
     10290
     10419
     10252
     10418
     10325
     10305
     10365
     10355
     10123
     10330
     10210
      9933
     10118
      9959
      9888
     10050
      9958
     10003
      9951
     10057
      9900
      9864
      9796
      9794
      9719
      9506
      9765
      9571
      9584
      9630
      9616
      9564
      9427
      9434
      9629
      9475
      9536
      9514
      9344
      9415
      9423
      9348
      9287
      9257
      9243
      9250
      9225
      9136
      9305
      8855
      9019
      9001
      9145
      8962
      8952
      9056
      8884
      8904
      8826
      9011
      8903
      8829
      8723
      8662
      8779
      8707
      8751
      8637
      8476
      8637
      8585
      8685
      8390
      8602
      8724
      8465
      8542
      8610
      8372
      8486
      8238
      8456
      8458
      8263
      8299
      8373
      8089
      8323
      8219
      8198
      8215
      8320
      8184
      8039
      8079
      8015
      7981
      8192
      7811
      8188
      7944
      8018
      7850
      7981
      7928
      7669
      7827
      7831
      7646
      7757
      7733
      7745
      7706
      7634
      7558
      7604
      7664
      7577
      7420
      7465
      7412
      7329
      7440
      7442
      7434
      7355
      7273
      7267
      7396
      7330
      7303
      7325
      7389
      7111
      7233
      7261
      7115
      7121
      7125
      7150
      7161
      7027
      7047
      6975
      7017
      6974
      6871
      7048
      6834
      6845
      6789
      6859
      6851
      6831
      6738
      6742
      6695
      6786
      6788
      6787
      6695
      6630
      6646
      6714
      6579
      6684
      6611
      6633
      6657
      6601
      6579
      6666
      6463
      6566
      6540
      6515
      6466
      6456
      6503
      6242
      6462
      6449
      6240
      6425
      6352
      6358
      6234
      6196
      6174
      6280
      6302
      6073
      6119
      6159
      6189
      6208
      6199
      6045
      6277
      6105
      6124
      6115
      6066
      6104
      6104
      6081
      6087
      6046
      5985
      5950
      6117
      5952
      6035
      5850
      5961
      6106
      5886
      5963
      5968
      5860
      5869
      5952
      5932
      6008
      5801
      5801
      5808
      5807
      5711
      5751
      5715
      5790
      5768
      5691
      5712
      5709
      5651
      5654
      5681
      5646
      5763
      5569
      5524
      5576
      5379
      5488
      5389
      5382
      5413
      5300
      5223
      5341
      5376
      5345
      5198
      5210
      5162
      5064
      5120
      4961
      4999
      4801
      4912
      5052
      4941
      4770
      4796
      4705
      4681
      4657
      4748
      4533
      4496
      4679
      4528
      4480
      4590
      4399
      4557
      4242
      4201
      4135
      4269
      4314
      4225
      4185
      4211
      4067
      4095
      4159
      3946
      4013
      4038
      4047
      3987
      3878
      4047
      3823
      3987
      3871
      3793
      3936
      3750
      3807
      3761
      3920
      3736
      3756
      3799
      3740
      3660
      3721
      3760
      3699
      3777
      3777
      3694
      3766
      3783
      3600
      3536
      3640
      3686
      3622
      3695
      3637
      3525
      3555
      3630
      3550
      3557
      3539
      3530
      3493
      3426
      3581
      3490
      3528
      3508
      3456
      3585
      3461
      3478
      3379
      3526
      3496
      3468
      3506
      3473
      3425
      3489
      3469
      3475
      3427
      3227
      3395
      3510
      3311
      3254
      3346
      3406
      3285
      3395
      3264
      3352
      3372
      3337
      3367
      3238
      3379
      3210
      3364
      3325
      3208
      3390
      3347
      3253
      3296
      3245
      3211
      3285
      3313
      3294
      3388
      3352
      3396
      3432
      3429
      3304
      3459
      3504
      3503
      3609
      3781
      3737
      3601
      3919
      3873
      3925
      4149
      4176
      4284
      4550
      4530
      4807
      4823
      5123
      5305
      5380
      5715
      5910
      6177
      6398
      6593
      6777
      7221
      7423
      8014
      8107
      8632
      8820
      9238
      9644
     10044
     10500
     10803
     11221
     11410
     11938
     12352
     12508
     13138
     13293
     13667
     14257
     14442
     14631
     14828
     15143
     15690
     15715
     15874
     15991
     16428
     16373
     16328
     16263
     16404
     16362
     16371
     16253
     16125
     15756
     15658
     15387
     15223
     15010
     14255
     14402
     13957
     13491
     13240
     12664
     12422
     11749
     11425
     11062
     10567
     10154
      9659
      9178
      8756
      8148
      7861
      7412
      7006
      6525
      6185
      5815
      5330
      4951
      4768
      4432
      3994
      3669
      3509
      3115
      2845
      2652
      2410
      2175
      1962
      1804
      1673
      1467
      1251
      1233
      1103
       969
       866
       795
       675
       608
       537
       511
       399
       326
       314
       285
       233
       257
       200
       164
       123
       126
       117
        97
        85
        77
        55
        43
        35
        31
        32
        24
        18
        17
        15
        13
        11
        10
         8
         6
         4
         4
         3
         3
         1
         2
         0
         1
         0
         0
         0
         0
         1
         0
         0
         1
         0
         0
         1
         0
         0
         0
         0
         0
         0
         0
         0
         0
         0
         0
         0
         0
         0
         0
         0
         0
         0
         0
         0
         0
         0
         0
         0
         0
         0
         0
         0
         0
         0
         0
         0
         0
         0
         0
         0
         0
         0
         1
         0
         0
         0
         0
         0
         0
         0
         0
         0
         0
         0
         0
         0
         0
         0
         0
         0
         0
         0
         0
         0
         0
         0
         0
         0
         0
         0
         0
         0
         0
         0
         0
         0
         0
         0
         0
         0
         0
         0
         0
         0
         0
         0
         0
         0
         0
         0
         0
         0
         0
         0
         0
         0
         0
         0
         0
         0
         0
         0
         0
         0
         0
         0
         0
         0
         0
         0
         0
         0
         0
         0
         0
         0
         0
         0
         0
         0
         0
         0
         0
         0
         0
         0
         0
         0
         0
         0
         0
         0
         0
         0
         0
         0
         0
         0
         0
         0
         0
         0
         0
         0
         0
         0
         0
         0
         0
         0
         0
         0
         0
         0
         0
         0
         0
         0
         0
         0
         0
         0
         0
         0
         0
         0
         0
         0
         0
         0
         0
         0
         0
         0
         0
         0
         0
         0
         0
         0
         0
         0
         0
         0
         0
         0
         0
         0
         0
         0
         0
         0
         0
         0
         0
         0
         0
         0
         0
         0
         0
         0
         0
         0
         0
         0
         0
         0
         0
         0
         0
         0
         0
         0
         0
         0
         0
         0
         0
         0
         0
         0
         0
         0
         0
         0
         0
         0
         0
         0
         0
         0
         0
         0
         0
         0
         0
         0
         0
         0
         0
         0
         0
         0
         0
         0
         0
         0
         0
         0
         0
         0
         0
         0
         0
         0
         0
         0
         0
         0
         0
         0
         0
         0
         0
         0
         0
         0
         0
         0
         0
         0
         0
         0
         0
         0
         0
         0
         0
         0
         0
         0
         0
         0
         0
         0
         0
         0
         0
         0
         0
         0
         0
         0
         0
         0
         0
         0
         0
         0
         0
         0
         0
         0
         0
         0
         0
         0
         0
         0
         0
         0
         0
         0
         0
         0
         0
         0
         0
         0
         0
         0
         0
         0
         0
         0
         0
         0
         0
         0
         0
         0
         0
         0
         0
         0
         0
         0
         0
         0
         0
         0
         0
         0
         0
         0
         0
         0
         0
         0
         0
         0
         0
         0
         0
         0
         0
         0
         0
         0
         0
         0
         0
         0
         0
         0
         0
         0
         0
         0
         0
         0
         0
         0
         0
         0
         0
         0
         0
         0
         0
         0
         0
         0
         0
         0
         0
         0
         0
         0
         0
         0
         0
         0
         0
         0
         0
         0
         0
         0
         0
         0
         0
         0
         0
         0
         0
         0
         0
         0
         0
         0
         0
         0
         0
         0
         0
         0
         0
         0
         0
         0
         0
         0
         0
         0
         0
         0
         0
         0
         0
         0
         0
         0
         0
         0
         0
         0
         0
         0
         0
         0
         0
         0
         0
         0
         0
         0
         0
         0
         0
         0
         0
         0
         0
         0
         0
         0
         0
         0
         0
         0
         0
         0
         0
         0
         0
         0
         0
         0
         0
         0
         0
         0
         0
         0
         0
         0
         0
         0
         0
         0
         0
         0
         0
         0
         0
         0
         0
         0
         0
         0
         0
         0
         0
         0
         0
         0
         0
         0
         0
         0
         0
         0
         0
         0
         0
         0
         0
         0
         0
         0
         0
         0
         0
         0
         0
         0
         0
         0
         0
         0
         0
         0
         0
         0
         0
         0
         0
         0
         0
         0
         0
         0
         0
         0
         0
         0
         0
         0
         0
         0
         0
         0
         0
         0
         0
         0
         0
         0
         0
         0
         0
         0
         0
         0
         0
         0
         0
         0
         0
         0
         0
         0
         0
         0
         0
         0
         0
         0
         0
         0
         0
         0
         0
         0
         0
         0
         0
         0
         0
         0
         0
         0
         0
         0
         0
         0
         0
         0
         0
         0
         0
         0
         0
         0
         0
         0
         0
         0
         0
         0
         0
         0
         0
         0
         0
         0
         0
         0
         0
         0
         0
         0
         0
         0
         0
         0
         0
         0
         0
         0
         0
         0
         0
         0
         0
         0
         0
         0
         0
         0
         0
         0
         0
         0
         0
         0
         0
         0
         0
         0
         0
         0
         0
         0
         0
         0
         0
         0
         0
         0
         0
         0
         0
         0
         0
         0
         0
         0
         0
         0
         0
         0
         0
         0
         0
         0
         0
         0
         0
         0
         0
         0
         0
         0
         0
         0
         0
         0
         0
         0
         0
         0
         0
         0
         0
         0
         0
         0
         0
         0
         0
         0
         0
         0
         0
         0
         0
         0
         0
         0
         0
         0
         0
         0
         0
         0
         0
         0
         0
         0
         0
         0
         0
         0
         0
         0
         0
         0
         0
         0
         0
         0
         0
         0
         0
         0
         0
         0
         0
         0
         0
         0
         0
         0
         0
         0
         0
         0
         0
         0
         0
         0
         0
         0
         0
         0
         0
         0
         0
         0
         0
         0
         0
         0
         0
         0
         0
         0
         0
         0
         0
         0
         0
         0
         0
         0
         0
         0
         0
         0
         0
         0
         0
         0
         0
         0
         0
         0
         0
         0
         0
         0
         0
         0
         0
         0
         0
         0
         0
         0
         0
         0
         0
         0
         0
         0
         0
         0
         0
         0
         0
         0
         0
         0
         0
         0
         0
         0
         0
         0
         0
         0
         0
         0
         0
         0
         0
         0
         0
         0
         0
         0
         0
         0
         0
         0
         0
         0
         0
         0
         0
         0
         0
         0
         0
         0
         0
         0
         0
         0
         0
         0
         0
         0
         0
         0
         0
         0
         0
         0
         0
         0
         0
         0
         0
         0
         0
         0
         0
         0
         0
         0
         0
         0
         0
         0
         0
         0
         0
         0
         0
         0
         0
         0
         0
         0
         0
         0
         0
         0
         0
         0
         0
         0
         0
         0
         0
         0
         0
         0
         0
         0
         0
         0
         0
         0
         0
         0
         0
         0
         0
         0
         0
         0
         0
         0
         0
         0
         0
         0
         0
         0
         0
         0
         0
         0
         0
         0
         0
         0
         0
         0
         0
         0
         0
         0
         0
         0
         0
         0
         0
         0
         0
         0
         0
         0
         0
         0
         0
         0
         0
         0
         0
         0
         0
         0
         0
         0
         0
         0
         0
         0
         0
         0
         0
         0
         0
         0
         0
         0
         0
         0
         0
         0
         0
         0
         0
         0
         0
         0
         0
         0
         0
         0
         0
         0
         0
         0
         0
         0
         0
         0
         0
         0
         0
         0
         0
         0
         0
         0
         0
         0
         0
         0
         0
         0
         0
         0
         0
         0
         0
         0
         0
         0
         0
         0
         0
         0
         0
         0
         0
         0
         0
         0
         0
         0
         0
         0
         0
         0
         0
         0
         0
         0
         0
         0
         0
         0
         0
         0
         0
         0
         0
         0
         0
         0
         0
         0
         0
         0
         0
         0
         0
         0
         0
         0
         0
         0
         0
         0
         0
         0
         0
         0
         0
         0
         0
         0
         0
         0
         0
         0
         0
         0
         0
         0
         0
         0
         0
         0
         0
         0
         0
         0
         0
         0
         0
         0
         0
         0
         0
         0
         0
         0
         0
         0
         0
         0
         0
         0
         0
         0
         0
         0
         0
         0
         0
         0
         0
         0
         0
         0
         0
         0
         0
         0
         0
         0
         0
         0
         0
         0
         0
         0
         0
         0
         0
         0
         0
         0
         0
         0
         0
         0
         0
         0
         0
         0
         0
         0
         0
         0
         0
         0
         0
         0
         0
         0
         0
         0
         0
         0
         0
         0
         0
         0
         0
         0
         0
         0
         0
         0
         0
         0
         0
         0
         0
         0
         0
         0
         0
         0
         0
         0
         0
         0
         0
         0
         0
         0
         0
         0
         0
         0
         0
         0
         0
         0
         0
         0
         0
         0
         0
         0
         0
         0
         0
         0
         0
         0
         0
         0
         0
         0
         0
         0
         0
         0
         0
         0
         0
         0
         0
         0
         0
         0
         0
         0
         0
         0
         0
         0
         0
         0
         0
         0
         0
         0
         0
         0
         0
         0
         0
         0
         0
         0
         0
         0
         0
         0
         0
         0
         0
         0
         0
         0
         0
         0
         0
         0
         0
         0
         0
         0
         0
         0
         0
         0
         0
         0
         0
         0
         0
         0
         0
         0
         0
         0
         0
         0
         0
         0
         0
         0
         0
         0
         0
         0
         0
         0
         0
         0
         0
         0
         0
         0
         0
         0
         0
         0
         0
         0
         0
         0
         0
         0
         0
         0
         0
         0
         0
         0
         0
         0
         0
         0
         0
         0
         0
         0
         0
         0
         0
         0
         0
         0
         0
         0
         0
         0
         0
         0
         0
         0
         0
         0
         0
         0
         0
         0
         0
         0
         0
         0
         0
         0
         0
         0
         0
         0
         0
         0
         0
         0
         0
         0
         0
         0
         0
         0
         0
         0
         0
         0
         0
         0
         0
         0
         0
         0
         0
         0
         0
         0
         0
         0
         0
         0
         0
         0
         0
         0
         0
         0
         0
         0
         0
         0
         0
         0
         0
         0
         0
         0
         0
         0
         0
         0
         0
         0
         0
         0
         0
         0
         0
         0
         0
         0
         0
         0
         0
         0
         0
         0
         0
         0
         0
         0
         0
         0
         0
         0
         0
         0
         0
         0
         0
         0
         0
         0
         0
         0
         0
         0
         0
         0
         0
         0
         0
         0
         0
         0
         0
         0
         0
         0
         0
         0
         0
         0
         0
         0
         0
         0
         0
         0
         0
         0
         0
         0
         0
         0
         0
         0
         0
         0
         0
         0
         0
         0
         0
         0
         0
         0
         0
         0
         0
         0
         0
         0
         0
         0
         0
         0
         0
         0
         0
         0
         0
         0
         0
         0
         0
         0
         0
         0
         0
         0
         0
         0
         0
         0
         0
         0
         0
         0
         0
         0
         0
         0
         0
         0
         0
         0
         0
         0
         0
         0
         0
         0
         0
         0
         0
         0
         0
         0
         0
         0
         0
         0
         0
         0
         0
         0
         0
         0
         0
         0
         0
         0
         0
         0
         0
         0
         0
         0
         0
         0
         0
         0
         0
         0
         0
         0
         0
         0
         0
         0
         0
         0
         0
         0
         0
         0
         0
         0
         0
         0
         0
         0
         0
         0
         0
         0
         0
         0
         0
         0
         0
         0
         0
         0
         0
         0
         0
         0
         0
         0
         0
         0
         0
         0
         0
         0
         0
         0
         0
         0
         0
         0
         0
         0
         0
         0
         0
         0
         0
         0
         0
         0
         0
         0
         0
         0
         0
         0
         0
         0
         0
         0
         0
         0
         0
         0
         0
         0
         0
         0
         0
         0
         0
         0
         0
         0
         0
         0
         0
         0
         0
         0
         0
         0
         0
         0
         0
         0
         0
         0
         0
         0
         0
         0
         0
         0
         0
         0
         0
         0
         0
         0
         0
         0
         0
         0
         0
         0
         0
         0
         0
         0
         0
         0
         0
         0
         0
         0
         0
         0
         0
         0
         0
         0
         0
         0
         0
         0
         0
         0
         0
         0
         0
         0
         0
         0
         0
         0
         0
         0
         0
         0
         0
         0
         0
         0
         0
         0
         0
         0
         0
         0
         0
         0
         0
         0
         0
         0
         0
         0
         0
         0
         0
         0
         0
         0
         0
         0
         0
         0
         0
         0
         0
         0
         0
         0
         0
         0
         0
         0
         0
         0
         0
         0
         0
         0
         0
         0
         0
         0
         0
         0
         0
         0
         0
         0
         0
         0
         0
         0
         0
         0
         0
         0
         0
         0
         0
         0
         0
         0
         0
         0
         0
         0
         0
         0
         0
         0
         0
         0
         0
         0
         0
         0
         0
         0
         0
         0
         0
         0
         0
         0
         0
         0
         0
         0
         0
         0
         0
         0
         0
         0
         0
         0
         0
         0
         0
         0
         0
         0
         0
         0
         0
         0
         0
         0
         0
         0
         0
         0
         0
         0
         0
         0
         0
         0
         0
         0
         0
         0
         0
         0
         0
         0
         0
         0
         0
         0
         0
         0
         0
         0
         0
         0
         0
         0
         0
         0
         0
         0
         0
         0
         0
         0
         0
         0
         0
         0
         0
         0
         0
         0
         0
         0
         0
         0
         0
         0
         0
         0
         0
         0
         0
         0
         0
         0
         0
         0
         0
         0
         0
         0
         0
         0
         0
         0
         0
         0
         0
         0
         0
         0
         0
         0
         0
         0
         0
         0
         0
         0
         0
         0
         0
         0
         0
         0
         0
         0
         0
         0
         0
         0
         0
         0
         0
         0
         0
         0
         0
         0
         0
         0
         0
         0
         0
         0
         0
         0
         0
         0
         0
         0
         0
         0
         0
         0
         0
         0
         0
         0
         0
         0
         0
         0
         0
         0
         0
         0
         0
         0
         0
         0
         0
         0
         0
         0
         0
         0
         0
         0
         0
         0
         0
         0
         0
         0
         0
         0
         0
         0
         0
         0
         0
         0
         0
         0
         0
         0
         0
         0
         0
         0
         0
         0
         0
         0
         0
         0
         0
         0
         0
         0
         0
         0
         0
         0
         0
         0
         0
         0
         0
         0
         0
         0
         0
         0
         0
         0
         0
         0
         0
         0
         0
         0
         0
         0
         0
         0
         0
         0
         0
         0
         0
         0
         0
         0
         0
         0
         0
         0
         0
         0
         0
         0
         0
         0
         0
         0
         0
         0
         0
         0
         0
         0
         0
         0
         0
         0
         0
         0
         0
         0
         0
         0
         0
         0
         0
         0
         0
         0
         0
         0
         0
         0
         0
         0
         0
         0
         0
         0
         0
         0
         0
         0
         0
         0
         0
         0
         0
         0
         0
         0
         0
         0
         0
         0
         0
         0
         0
         0
         0
         0
         0
         0
         0
         0
         0
         0
         0
         0
         0
         0
         0
         0
         0
         0
         0
         0
         0
         0
         0
         0
         0
         0
         0
         0
         0
         0
         0
         0
         0
         0
         0
         0
         0
         0
         0
         0
         0
         0
         0
         0
         0
         0
         0
         0
         0
         0
         0
         0
         0
         0
         0
         0
         0
         0
         0
         0
         0
         0
         0
         0
         0
         0
         0
         0
         0
         0
         0
         0
         0
         0
         0
         0
         0
         0
         0
         0
         0
         0
         0
         0
         0
         0
         0
         0
         0
         0
         0
         0
         0
         0
         0
         0
         0
         0
         0
         0
         0
         0
         0
         0
         0
         0
         0
         0
         0
         0
         0
         0
         0
         0
         0
         0
         0
         0
         0
         0
         0
         0
         0
         0
         0
         0
         0
         0
         0
         0
         0
         0
         0
         0
         0
         0
         0
         0
         0
         0
         0
         0
         0
         0
         0
         0
         0
         0
         0
         0
         0
         0
         0
         0
         0
         0
         0
         0
         0
         0
         0
         0
         0
         0
         0
         0
         0
         0
         0
         0
