         0
         0
         0
         0
         0
         0
         0
         0
         0
         0
     13910
     13871
     14306
     14045
     14584
     14153
     14314
     14403
     14388
     14535
     14485
     14418
     14638
     14453
     14540
     14440
     14386
     14663
     14406
     14616
     14749
     14750
     14674
     14851
     15042
     14838
     15039
     14524
     15068
     14906
     15089
     15090
     14958
     15255
     15240
     14806
     14983
     15153
     14894
     14990
     14934
     14965
     15066
     15166
     15092
     15085
     15208
     15122
     15225
     14914
     15349
     15112
     15281
     15352
     15312
     15253
     15299
     15332
     15425
     15385
     15361
     15499
     15586
     15599
     15538
     15571
     15616
     15622
     15741
     15425
     15742
     15769
     15805
     15752
     15936
     15917
     15934
     16157
     16236
     16243
     16277
     16263
     16052
     16335
     16580
     16449
     16478
     16282
     16370
     16463
     16414
     16802
     16803
     16850
     16715
     16940
     16804
     16953
     17195
     17283
     17202
     17138
     17338
     17461
     17593
     17656
     17629
     17693
     17826
     17778
     17966
     17949
     18047
     18277
     18226
     18443
     18626
     18389
     18616
     18768
     18890
     18621
     18940
     18920
     18923
     19168
     19157
     19101
     18999
     19242
     19446
     19189
     19221
     19481
     19469
     19573
     19315
     19615
     19529
     19385
     19630
     19519
     19556
     19382
     19805
     19729
     19553
     19419
     19668
     19834
     19705
     19555
     19327
     19476
     19670
     19456
     19527
     19718
     19471
     19661
     19619
     19419
     19670
     19513
     19649
     19789
     19673
     19777
     19733
     19976
     19668
     20095
     20034
     20015
     19987
     19936
     20047
     20097
     20239
     20177
     20309
     20371
     20431
     20696
     20616
     20777
     20936
     21330
     21141
     21578
     21598
     22029
     22303
     22504
     22796
     23188
     23316
     23400
     24281
     24489
     24615
     24811
     25094
     25504
     25696
     26071
     26487
     26359
     26773
     26915
     27230
     27205
     27177
     27531
     27456
     27934
     27455
     27631
     27350
     27638
     27660
     27638
     27562
     27368
     27477
     27458
     27331
     27020
     27337
     27011
     26847
     27005
     26627
     26402
     26499
     26471
     26396
     26243
     25856
     26299
     25720
     26074
     26073
     25987
     25894
     25596
     25372
     25410
     24954
     25091
     25072
     24864
     24947
     24772
     24728
     24746
     24629
     24687
     24566
     24394
     24456
     24223
     24199
     24068
     24132
     23880
     24035
     23823
     23355
     23728
     24039
     23506
     23553
     23499
     23550
     23378
     23328
     23141
     23001
     23037
     23240
     22987
     22875
     22935
     22760
     22674
     22797
     22720
     22689
     22661
     22630
     22561
     22553
     22441
     22151
     22326
     22105
     22168
     22324
     22038
     22350
     21864
     22060
     21885
     21988
     21815
     21631
     21472
     21576
     21734
     21427
     21504
     21293
     21127
     21363
     21032
     21352
     21021
     21205
     21035
     20869
     20850
     20944
     20798
     20679
     20547
     20751
     20615
     20519
     20725
     20645
     20046
     20496
     20174
     20088
     20298
     20172
     20255
     20109
     19939
     20189
     20123
     19996
     19812
     19978
     19877
     19627
     19778
     20062
     19597
     19782
     19711
     19495
     19917
     19872
     19708
     19394
     19471
     19529
     19683
     19481
     19327
     19467
     19113
     19361
     19204
     19371
     19109
     19237
     19148
     19227
     18996
     19008
     18911
     18960
     18719
     18924
     18895
     18850
     18922
     18901
     18680
     18827
     18906
     18695
     18501
     18827
     18664
     18737
     18419
     18534
     18844
     18562
     18428
     18416
     18571
     18504
     18394
     18373
     18480
     18144
     18025
     18191
     18287
     18225
     18277
     18181
     17984
     18300
     18142
     18027
     18355
     17958
     17965
     17917
     17846
     17916
     17898
     17882
     17893
     17914
     17925
     17745
     17621
     17709
     17770
     17937
     17809
     17522
     17931
     17634
     17524
     17585
     17515
     17638
     17691
     17736
     17499
     17294
     17602
     17451
     17493
     17398
     17371
     17403
     17380
     17430
     17151
     17502
     17365
     17398
     17466
     17140
     17366
     17105
     17294
     17401
     17078
     17395
     17301
     17098
     17461
     17353
     17012
     17288
     17041
     17061
     17027
     16971
     17036
     16933
     17095
     16884
     17185
     17078
     16800
     17046
     16906
     17272
     17041
     16939
     17010
     17079
     17071
     16818
     16791
     17271
     16843
     16911
     16871
     16936
     16934
     16844
     17004
     16931
     17068
     16856
     17062
     16904
     17001
     16893
     16966
     16940
     16912
     16952
     16884
     16679
     16768
     16781
     16674
     16788
     16741
     16634
     16632
     16845
     16609
     16602
     16610
     16487
     16677
     16609
     16579
     16504
     16641
     16788
     16403
     16490
     16312
     16451
     16570
     16304
     16379
     16336
     16481
     16336
     16310
     16467
     16193
     16429
     16356
     16203
     16380
     16341
     16168
     16371
     16160
     16299
     16506
     16009
     16210
     16512
     16180
     16235
     16093
     16171
     16143
     16252
     16282
     16291
     16418
     16146
     16230
     16179
     16092
     16115
     16332
     16377
     16230
     16184
     16243
     15931
     16208
     16224
     16221
     16152
     16103
     15839
     16181
     15810
     16428
     16107
     16261
     16138
     16179
     16019
     16099
     16008
     16064
     16209
     16195
     16088
     15961
     16131
     15966
     16132
     15952
     16171
     16077
     16332
     16032
     16146
     15867
     16026
     16072
     16173
     16082
     16106
     16140
     15938
     16245
     15927
     16024
     16103
     16269
     15938
     15965
     16141
     16194
     15984
     16077
     16181
     16350
     16153
     16080
     16228
     16095
     15812
     16105
     16129
     16031
     16147
     16020
     16055
     16153
     16033
     16097
     16270
     15907
     16169
     16190
     16145
     16103
     16273
     16044
     15970
     16019
     16055
     16119
     16241
     16354
     16241
     16278
     16312
     16153
     16251
     16160
     16103
     16067
     16111
     16187
     16201
     16387
     16223
     16139
     16280
     16084
     16066
     16093
     16478
     15950
     16078
     16219
     16282
     16236
     16174
     16087
     16301
     16290
     16262
     16407
     16321
     16284
     16250
     16362
     16014
     16068
     16362
     16195
     16311
     16298
     16206
     16388
     16256
     16348
     16369
     16051
     16333
     16222
     16375
     16135
     16256
     16282
     16173
     16246
     16426
     16222
     16132
     16076
     16265
     16321
     16457
     16212
     16410
     16343
     16393
     16394
     16388
     16143
     16185
     16273
     16349
     16145
     16380
     16032
     16493
     16493
     16181
     16366
     16350
     16438
     16360
     16355
     16425
     16366
     16527
     16380
     16695
     16469
     16517
     16421
     16475
     16705
     16426
     16385
     16545
     16630
     16693
     16531
     16699
     16546
     16387
     16500
     16627
     16543
     16745
     16596
     16648
     16699
     16296
     16677
     16853
     16559
     16619
     16727
     16777
     16807
     16967
     16858
     16700
     17024
     16879
     16788
     16928
     16626
     16991
     16829
     16837
     17083
     16868
     16955
     17167
     17091
     16987
     17015
     16959
     17007
     17023
     17325
     17163
     17306
     17042
     17142
     17218
     17627
     17507
     17390
     17264
     17414
     17177
     17340
     17632
     17709
     17397
     17595
     17442
     17523
     17442
     17426
     17406
     17371
     17555
     17765
     17631
     17824
     17586
     17441
     17783
     17707
     17668
     17707
     17621
     17859
     17674
     17812
     17646
     17873
     17887
     17856
     17712
     17584
     17885
     17947
     17939
     17775
     17813
     18041
     18087
     18041
     17952
     17910
     17906
     17641
     17878
     18085
     17941
     17950
     17927
     17933
     17779
     18111
     17758
     18195
     18099
     18165
     17912
     18085
     18173
     18330
     17869
     18156
     18379
     18429
     18240
     18325
     18163
     18276
     18256
     18379
     18367
     18177
     18554
     18508
     18459
     18579
     18451
     18453
     18616
     18704
     18546
     18563
     18710
     18541
     18666
     18577
     18641
     18390
     18532
     18574
     18663
     18584
     18414
     18591
     18842
     18764
     18246
     18595
     18516
     18693
     18677
     18671
     18825
     18652
     19028
     18904
     18791
     18410
     18773
     18853
     18582
     18781
     18899
     18530
     18696
     18449
     18654
     18524
     18649
     18415
     18459
     18245
     18394
     18563
     18214
     18245
     17904
     18160
     18045
     18148
     17831
     18047
     18101
     17920
     17675
     17750
     17556
     17780
     17743
     17458
     17406
     17416
     17407
     16981
     17095
     17064
     17189
     17019
     16781
     16749
     16778
     16592
     16472
     16331
     16169
     16100
     15862
     16077
     15939
     15745
     15525
     15585
     15381
     15199
     15429
     15042
     15314
     14996
     14850
     14565
     14731
     14737
     14600
     14585
     14522
     14173
     14183
     14188
     13965
     13983
     13812
     13839
     13767
     13719
     13653
     13411
     13458
     13684
     13537
     13528
     13270
     13219
     13170
     13081
     13150
     13061
     12857
     12976
     12834
     12790
     12821
     12625
     12782
     12776
     12662
     12564
     12451
     12435
     12786
     12383
     12358
     12458
     12210
     12439
     12360
     12178
     12331
     12230
     12158
     12324
     12189
     12005
     12039
     12252
     12252
     12070
     12059
     11938
     12104
     11942
     12067
     11993
     12034
     11846
     11741
     12058
     12151
     11969
     11886
     11787
     12009
     11899
     11997
     11881
     12046
     11824
     11920
     11848
     11800
     11789
     11754
     11780
     11855
     11903
     11901
     11755
     11725
     12061
     11925
     11941
     11609
     11918
     11743
     11727
     11871
     11690
     11592
     11781
     11888
     11714
     11920
     11961
     12005
     11864
     11929
     11995
     12212
     12154
     12367
     12435
     12194
     12408
     12428
     12448
     12634
     13102
     12897
     13134
     12987
     13486
     13450
     13480
     14019
     13964
     14513
     14521
     14897
     15400
     15568
     15817
     16337
     16855
     16932
     17413
     17893
     18270
     18704
     19099
     19733
     20074
     20738
     21356
     22168
     22425
     23524
     23905
     24532
     25072
     26336
     26896
     27467
     28382
     29183
     30156
     30776
     31832
     32356
     33746
     34567
     35545
     36212
     37096
     37950
     39040
     39905
     40993
     41800
     42848
     43951
     44724
     45163
     46299
     47419
     48356
     49032
     49576
     50052
     51449
     51594
     52907
     53353
     53434
     54457
     54770
     54784
     55473
     55912
     56479
     56968
     57023
     57544
     57005
     57560
     57745
     57794
     57577
     57386
     57149
     57287
     57046
     56488
     56067
     55910
     55097
     54568
     54692
     53415
     53141
     52075
     51650
     51038
     49894
     49433
     48535
     47261
     46749
     45467
     45279
     43392
     43021
     41832
     40662
     39857
     38712
     37903
     36685
     35486
     34424
     33725
     32406
     31734
     30508
     29553
     28582
     27623
     26726
     25406
     24690
     23938
     22478
     21778
     20865
     20374
     19429
     18641
     17797
     17004
     16277
     15437
     14744
     14213
     13429
     13027
     12572
     12003
     11616
     11094
     10642
     10149
      9852
      9349
      9055
      8909
      8447
      8324
      7933
      7813
      7738
      7464
      7303
      7116
      7258
      7116
      7144
      7136
      7214
      7188
      7243
      7383
      7421
      7703
      7680
      7942
      8168
      8391
      8500
      8909
      9076
      9417
      9760
     10367
     10658
     10915
     11348
     11785
     12208
     12876
     13436
     13659
     14621
     14920
     15150
     16254
     16665
     17541
     18016
     18754
     19299
     20189
     20914
     21581
     22312
     22820
     23758
     24453
     25213
     26216
     26893
     27105
     28288
     29171
     29774
     30511
     31612
     31913
     32554
     33766
     34167
     35092
     35689
     36627
     37313
     37719
     38293
     38920
     39555
     39938
     40594
     41238
     41498
     42063
     42144
     43320
     43628
     44105
     44425
     44316
     44797
     45095
     45331
     45579
     45326
     45666
     45672
     45512
     45888
     45369
     45702
     45785
     44932
     44659
     44528
     44274
     43990
     43515
     43384
     43138
     42663
     41967
     41407
     40911
     40326
     39802
     39012
     38584
     38023
     37427
     36455
     36138
     34965
     33977
     33367
     32763
     32153
     31298
     30291
     29702
     28766
     28113
     27341
     26613
     25749
     25081
     24231
     23233
     22631
     22069
     21038
     20274
     19594
     18880
     18241
     17539
     16979
     16220
     15447
     14809
     14248
     13622
     12962
     12383
     11786
     11208
     10992
     10334
      9717
      9138
      8908
      8514
      7814
      7572
      7167
      6855
      6287
      6077
      5670
      5462
      5119
      4762
      4448
      4160
      3990
      3667
      3666
      3307
      3041
      2850
      2712
      2492
      2416
      2160
      2014
      1896
      1708
      1583
      1542
      1377
      1312
      1212
      1150
      1090
       962
       925
       932
       778
       673
       686
       624
       553
       540
       498
       445
       443
       405
       371
       343
       321
       287
       258
       235
       218
       235
       174
       192
       167
       161
       148
       149
       167
       144
       118
       134
       105
       111
       109
       108
        79
        85
        82
        87
        76
        75
        83
        71
        67
        57
        53
        65
        71
        57
        59
        67
        67
        91
        56
        66
        66
        75
        63
        59
        51
        60
        56
        61
        57
        53
        72
        50
        65
        56
        46
        59
        67
        62
        64
        57
        51
        45
        64
        44
        40
        64
        60
        58
        54
        56
        63
        58
        53
        51
        58
        75
        47
        62
        48
        66
        59
        74
        61
        59
        67
        57
        60
        44
        57
        57
        63
        64
        48
        50
        69
        53
        54
        61
        45
        68
        66
        53
        57
        67
        54
        66
        53
        58
        44
        66
        59
        49
        54
        54
        53
        42
        72
        52
        61
        57
        52
        52
        61
        51
        51
        49
        56
        64
        59
        56
        68
        61
        68
        52
        58
        61
        60
        51
        65
        50
        55
        55
        36
        44
        60
        44
        57
        54
        67
        48
        47
        53
        43
        53
        50
        38
        46
        46
        37
        49
        60
        64
        48
        52
        50
        54
        55
        53
        46
        47
        59
        43
        51
        48
        46
        51
        48
        56
        58
        57
        53
        57
        36
        65
        48
        49
        43
        55
        45
        64
        60
        53
        39
        58
        45
        52
        52
        58
        54
        56
        52
        50
        47
        53
        52
        65
        63
        62
        48
        42
        62
        56
        55
        50
        63
        36
        45
        48
        51
        51
        48
        41
        62
        42
        39
        58
        47
        43
        47
        49
        39
        44
        38
        40
        49
        49
        41
        54
        45
        53
        42
        45
        48
        51
        54
        43
        46
        49
        47
        40
        46
        48
        50
        48
        53
        47
        46
        59
        29
        44
        54
        38
        34
        51
        61
        49
        41
        35
        48
        37
        41
        44
        42
        49
        46
        33
        51
        37
        51
        49
        43
        45
        43
        39
        38
        47
        47
        50
        46
        48
        58
        44
        36
        35
        43
        46
        45
        26
        45
        47
        44
        45
        31
        45
        44
        43
        45
        43
        50
        46
        40
        31
        37
        46
        41
        46
        48
        41
        47
        40
        48
        49
        49
        42
        37
        34
        48
        43
        42
        31
        56
        37
        51
        44
        41
        45
        33
        41
        38
        34
        37
        44
        31
        37
        38
        60
        46
        30
        30
        45
        39
        35
        37
        52
        27
        33
        42
        31
        33
        39
        45
        35
        42
        46
        50
        20
        34
        37
        47
        46
        40
        43
        44
        36
        38
        34
        37
        46
        37
        42
        43
        41
        34
        32
        46
        40
        40
        43
        41
        29
        42
        37
        46
        41
        36
        44
        33
        42
        37
        48
        37
        30
        32
        39
        45
        54
        39
        45
        40
        48
        33
        39
        28
        39
        31
        35
        42
        39
        31
        42
        48
        35
        28
        40
        38
        42
        40
        47
        35
        32
        40
        39
        33
        32
        40
        35
        40
        42
        31
        34
        30
        36
        38
        44
        34
        29
        39
        33
        35
        41
        38
        45
        38
        31
        34
        42
        33
        35
        42
        30
        48
        44
        39
        33
        37
        40
        39
        37
        38
        28
        37
        42
        37
        48
        22
        35
        39
        28
        37
        40
        32
        35
        40
        33
        39
        25
        41
        38
        41
        31
        42
        52
        29
        28
        36
        35
        34
        52
        38
        37
        37
        36
        31
        38
        26
        58
        32
        39
        31
        34
        42
        32
        31
        46
        25
        26
        42
        26
        44
        42
        30
        33
        45
        48
        30
        41
        33
        37
        33
        28
        36
        31
        29
        35
        34
        40
        33
        33
        38
        30
        26
        37
        26
        35
        38
        37
        36
        34
        25
        31
        30
        39
        35
        35
        37
        30
        33
        29
        30
        29
        34
        33
        38
        39
        26
        37
        33
        29
        26
        35
        35
        25
        34
        30
        26
        42
        39
        35
        39
        35
        42
        34
        32
        35
        38
        23
        36
        29
        38
        35
        30
        36
        35
        31
        31
        39
        34
        28
        36
        46
        31
        36
        32
        42
        39
        31
        22
        31
        38
        31
        40
        24
        39
        34
        40
        42
        33
        30
        25
        26
        38
        24
        32
        36
        28
        33
        26
        35
        35
        36
        36
        39
        29
        26
        25
        35
        33
        40
        37
        39
        40
        28
        31
        40
        28
        26
        32
        35
        19
        25
        33
        31
        40
        33
        38
        31
        35
        20
        34
        27
        41
        32
        27
        28
        31
        36
        29
        38
        30
        45
        32
        35
        43
        30
        28
        36
        56
        28
        32
        30
        39
        24
        37
        34
        36
        33
        37
        36
        44
        39
        29
        31
        42
        36
        35
        34
        26
        20
        29
        37
        31
        24
        29
        44
        26
        39
        24
        26
        33
        36
        44
        30
        31
        30
        33
        29
        38
        32
        30
        32
        30
        40
        28
        29
        45
        44
        33
        41
        30
        37
        29
        37
        29
        27
        28
        32
        30
        29
        28
        40
        40
        33
        34
        38
        23
        30
        25
        41
        35
        38
        22
        32
        27
        32
        36
        38
        41
        21
        28
        40
        39
        38
        34
        51
        25
        34
        30
        28
        38
        32
        37
        31
        34
        32
        27
        33
        39
        38
        34
        35
        29
        37
        33
        37
        21
        34
        29
        26
        29
        34
        39
        36
        30
        38
        40
        22
        25
        32
        32
        39
        41
        32
        33
        31
        34
        39
        18
        33
        35
        28
        30
        41
        37
        17
        30
        25
        23
        25
        27
        34
        23
        29
        27
        28
        22
        35
        32
        22
        31
        23
        32
        35
        37
        21
        21
        30
        24
        31
        30
        29
        28
        21
        27
        19
        19
        22
        23
        31
        18
        24
        20
        26
        22
        24
        10
        14
        23
        22
        14
        20
        17
        26
        21
        13
        26
        25
        17
        18
        25
        20
        21
        19
        21
        17
        20
        18
        22
        21
        26
        30
        11
        16
        16
        17
        13
        21
        15
         9
        12
         7
        18
        12
        18
         8
        17
        17
        16
        14
        13
         8
        13
        17
        10
        11
        12
        15
        10
        14
        15
        10
        16
        12
        15
        10
        14
        12
         7
        16
         8
         8
         9
        10
        18
         8
        10
         9
        10
        12
         8
         9
        12
        13
         7
         7
        12
        11
         8
        11
        15
        11
         8
         7
         9
        10
        10
         6
        11
        12
        11
         9
        16
        13
        13
        19
         5
        11
        12
        15
        11
        17
        12
         8
        18
        13
        16
        11
        12
        18
        14
        13
        24
        15
        18
        17
        18
        11
        19
        17
        25
        27
        21
        20
        16
        21
        29
        21
        19
        18
        23
        33
        26
        27
        26
        21
        28
        25
        30
        31
        22
        30
        30
        27
        30
        41
        31
        40
        36
        24
        46
        28
        25
        34
        45
        39
        41
        42
        32
        43
        47
        38
        44
        41
        50
        44
        48
        46
        44
        46
        44
        46
        39
        61
        51
        53
        51
        39
        80
        50
        46
        47
        62
        47
        56
        62
        59
        43
        48
        56
        72
        50
        45
        52
        52
        52
        50
        67
        50
        58
        54
        73
        53
        66
        45
        62
        53
        48
        43
        66
        52
        49
        49
        59
        57
        59
        60
        70
        55
        60
        48
        51
        55
        72
        48
        44
        63
        57
        49
        65
        43
        39
        56
        53
        49
        48
        47
        52
        50
        48
        42
        44
        48
        32
        31
        44
        36
        45
        34
        34
        39
        44
        35
        46
        32
        35
        29
        40
        26
        26
        36
        28
        34
        25
        20
        22
        30
        34
        21
        20
        18
        20
        26
        21
        20
        23
        26
        22
        17
        22
        22
        16
        13
        11
        11
        14
        20
        11
         7
         6
        17
        15
         7
        16
         7
        15
        11
         8
         9
        11
         7
         7
        11
         5
         6
         9
         6
         6
         8
         2
         6
         7
         2
         9
         5
         6
         6
         2
         2
         3
         3
         4
         0
         5
         4
         0
         1
         4
         3
         1
         1
         3
         1
         2
         1
         3
         2
         1
         0
         2
         1
         1
         0
         1
         0
         3
         0
         0
         0
         3
         0
         1
         1
         1
         0
         0
         2
         2
         2
         0
         0
         0
         0
         0
         0
         0
         0
         0
         0
         1
         1
         0
         0
         0
         0
         0
         0
         0
         1
         0
         0
         0
         0
         0
         0
         0
         0
         0
         0
         0
         0
         0
         0
         0
         0
         0
         0
         0
         0
         0
         0
         0
         0
         0
         0
         0
         0
         0
         0
         0
         0
         0
         0
         0
         0
         0
         0
         0
         0
         0
         0
         0
         0
         0
         0
         0
         0
         0
         0
         0
         0
         0
         0
         0
         0
         0
         0
         0
         0
         0
         0
         0
         0
         0
         0
         0
         0
         0
         0
         0
         0
         0
         0
         0
         0
         0
         0
         0
         0
         0
         0
         0
         0
         0
         0
         0
         0
         0
         0
         0
         0
         0
         0
         0
         0
         0
         0
         0
         0
         0
         0
         0
         0
         0
         0
         0
         0
         0
         0
         0
         0
         0
         0
         0
         0
         0
         0
         0
         0
         0
         0
         0
         0
         0
         0
         0
         0
         0
         0
         0
         0
         0
         0
         0
         0
         0
         0
         0
         0
         0
         0
         0
         0
         0
         0
         0
         0
         0
         0
         0
         0
         0
         0
         0
         0
         0
         0
         0
         0
         0
         0
         0
         0
         0
         0
         0
         0
         0
         0
         0
         0
         0
         0
         0
         0
         0
         0
         0
         0
         0
         0
         0
         0
         0
         0
         0
         0
         0
         0
         0
         0
         0
         0
         0
         0
         0
         0
         0
         0
         0
         0
         0
         0
         0
         0
         0
         0
         0
         0
         0
         0
         0
         0
         0
         0
         0
         0
         0
         0
         0
         0
         0
         0
         0
         0
         0
         0
         0
         0
         0
         0
         0
         0
         0
         0
         0
         0
         0
         0
         0
         0
         0
         0
         0
         0
         0
         0
         0
         0
         0
         0
         0
         0
         0
         0
         0
         0
         0
         0
         0
         0
         0
         0
         0
         0
         0
         0
         0
         0
         0
         0
         0
         0
         0
         0
         0
         0
         0
         0
         0
         0
         0
         0
         0
         0
         0
         0
         0
         0
         0
         0
         0
         0
         0
         0
         0
         0
         0
         0
         0
         0
         0
         0
         0
         0
         0
         0
         0
         0
         0
         0
         0
         0
         0
         0
         0
         0
