         0
         0
         0
         0
         0
         0
         0
         0
         0
         0
     14358
     14521
     14568
     14790
     14802
     14825
     14661
     15100
     14972
     15077
     14660
     14940
     14981
     15218
     15050
     15224
     15168
     15345
     15226
     15359
     15415
     15522
     15279
     15454
     15555
     15645
     15496
     15700
     15508
     15866
     15575
     15768
     15627
     15712
     15502
     15959
     15718
     15966
     15789
     15849
     15600
     15747
     15691
     15691
     15822
     15768
     15968
     15669
     15902
     16107
     15861
     15714
     15986
     16103
     16231
     16286
     16300
     16316
     16196
     16537
     16478
     16800
     16676
     16939
     17003
     17094
     17457
     17367
     17755
     17764
     17938
     17971
     18043
     18192
     18710
     18820
     18994
     19264
     19749
     19911
     20085
     20453
     20388
     20888
     21205
     21529
     21565
     21910
     22290
     22746
     23004
     22983
     23419
     24003
     24228
     24325
     24762
     24891
     25343
     25714
     25956
     26438
     26610
     27072
     27685
     28054
     28171
     28487
     28720
     29055
     29412
     29541
     30201
     30483
     30651
     30972
     31602
     31706
     31972
     32185
     32319
     32665
     32679
     32931
     33535
     33494
     33597
     33973
     34020
     33963
     34453
     34535
     34930
     35092
     35161
     35112
     35687
     35330
     35372
     35580
     35946
     35597
     35810
     35949
     35883
     36097
     35937
     36295
     36323
     36467
     36220
     36298
     36459
     36450
     36270
     36649
     36466
     36294
     37009
     36432
     36777
     36725
     36864
     36955
     36800
     36530
     37118
     36766
     37109
     36814
     37206
     36968
     37129
     37038
     37169
     37314
     36972
     36910
     37336
     37057
     37099
     37129
     37221
     37233
     37091
     37589
     37309
     37628
     37212
     37363
     37484
     37402
     37706
     37883
     38056
     38055
     38060
     37889
     38431
     38407
     38166
     38549
     38466
     38777
     38564
     39014
     38751
     38694
     38869
     38798
     38882
     39273
     39524
     38667
     39048
     38910
     38677
     38800
     38447
     38305
     38473
     38504
     38135
     38085
     38048
     37698
     37670
     37371
     37590
     37258
     37029
     37340
     36992
     36620
     37007
     36830
     36771
     36176
     35871
     35903
     36031
     35911
     35407
     35480
     35649
     35459
     35076
     34939
     34682
     34886
     34673
     34605
     34458
     34250
     34031
     34207
     34472
     33963
     33903
     33630
     33678
     33381
     33442
     33184
     33156
     32910
     33065
     32933
     32894
     32922
     32434
     32501
     32275
     32368
     32165
     32009
     31906
     32073
     31654
     31536
     31432
     31416
     31313
     31499
     31309
     30935
     31089
     31027
     30885
     30748
     30529
     30675
     30416
     30342
     30257
     30120
     30192
     30015
     29942
     30033
     29978
     29597
     29423
     29327
     29625
     28996
     29065
     29207
     29426
     29194
     28578
     28630
     28644
     28551
     28433
     28603
     28432
     28096
     28020
     28311
     28117
     27642
     27918
     27570
     27349
     27715
     27286
     27685
     27254
     27277
     27349
     27280
     27085
     26809
     26820
     26476
     26998
     26770
     26321
     26453
     26129
     26600
     26088
     26251
     26045
     26101
     26165
     25883
     25653
     26135
     25853
     25728
     25595
     25470
     25363
     25517
     25397
     25187
     25164
     25259
     25012
     24500
     25016
     24696
     24638
     24436
     24690
     24627
     24314
     24495
     24292
     24201
     24137
     24340
     24181
     24336
     24076
     23896
     23779
     24153
     23876
     23464
     23819
     23471
     23269
     23489
     23397
     23304
     23196
     23537
     23333
     23153
     22885
     23016
     23265
     23136
     22801
     22905
     22731
     22875
     22370
     22629
     22178
     22381
     22411
     22296
     22167
     22303
     22088
     22093
     22261
     22114
     22098
     21886
     21894
     21629
     21791
     21909
     21559
     21361
     21549
     21559
     21589
     21241
     21322
     21218
     21153
     21376
     21472
     21095
     20844
     21183
     20913
     21025
     21065
     20709
     20703
     20969
     20843
     20571
     20655
     20818
     20507
     20954
     20486
     20437
     20248
     20318
     20296
     20489
     20243
     20198
     20053
     19838
     20206
     19844
     19959
     19914
     19799
     19663
     20001
     19846
     19712
     19758
     19512
     19476
     19646
     19189
     19763
     19567
     19346
     19652
     19484
     19437
     19341
     19485
     19327
     19179
     19484
     19235
     19247
     19315
     19106
     19105
     19098
     19291
     19226
     18987
     19178
     19034
     18883
     19069
     18695
     18938
     18751
     18614
     18655
     18797
     18844
     18582
     18714
     18608
     18571
     18288
     18668
     18450
     18485
     18395
     18301
     18286
     18218
     18207
     18238
     17992
     18054
     18124
     18074
     18143
     17792
     17835
     17772
     17736
     17710
     17728
     17625
     17812
     17586
     17360
     17554
     17416
     17600
     17448
     17499
     17189
     17190
     17249
     17207
     17209
     17424
     17302
     17155
     17265
     17315
     17041
     17088
     17082
     16707
     17172
     16971
     16749
     16701
     16846
     16967
     16781
     16651
     16563
     16692
     16630
     16905
     16795
     17001
     16595
     16483
     16565
     16632
     16496
     16576
     16430
     16361
     16399
     16510
     16512
     16182
     16188
     16234
     16261
     16327
     16401
     16274
     16404
     16426
     16159
     16073
     16184
     15995
     16210
     16000
     16236
     16049
     16017
     16012
     15790
     15675
     15918
     15846
     15937
     15942
     15862
     15824
     15841
     15888
     15845
     15915
     15931
     15739
     15601
     15777
     15458
     15836
     15637
     15581
     15497
     15654
     15697
     15696
     15271
     15579
     15620
     15218
     15529
     15469
     15657
     15490
     15530
     15517
     15310
     15233
     15441
     15361
     15268
     15470
     15286
     15340
     15479
     15359
     15278
     15354
     15533
     15201
     15226
     15341
     15195
     15163
     14972
     15151
     15089
     15123
     15022
     15150
     15168
     14996
     15010
     14919
     15114
     14876
     15140
     14819
     14912
     15171
     15068
     15030
     14991
     14865
     15042
     14790
     14695
     14739
     14848
     14858
     14756
     14718
     14612
     14889
     14659
     14580
     14690
     14889
     14785
     14652
     14615
     14576
     14755
     14630
     14706
     14687
     14508
     14502
     14673
     14483
     14710
     14596
     14641
     14695
     14569
     14442
     14358
     14448
     14655
     14483
     14564
     14333
     14560
     14591
     14529
     14367
     14368
     14260
     14343
     14539
     14527
     14498
     14310
     14148
     14296
     14242
     14286
     14120
     14299
     14182
     14192
     14226
     14225
     14342
     14259
     14203
     14391
     14296
     14340
     14262
     14248
     14364
     14183
     14131
     14137
     13977
     14294
     13972
     14019
     14284
     14000
     14167
     13974
     13990
     14067
     14230
     13865
     14107
     14159
     14048
     13964
     13994
     14014
     13950
     13881
     14003
     14046
     13766
     13871
     14054
     13950
     13869
     13860
     13989
     14168
     13984
     13850
     13841
     13917
     13914
     13892
     14005
     13917
     13731
     14162
     13663
     13779
     13955
     13711
     13818
     13927
     13992
     13812
     14209
     13934
     13870
     13995
     14230
     13729
     13942
     13843
     14037
     13944
     13956
     13846
     13857
     13786
     13764
     13616
     13942
     13994
     13935
     13845
     13755
     13812
     13841
     13998
     13804
     13979
     13798
     14095
     13877
     13745
     13875
     13985
     13907
     13945
     13738
     14097
     13784
     13955
     13837
     13973
     13807
     13873
     13766
     13728
     13814
     13908
     13799
     13838
     14040
     13595
     13768
     13765
     13896
     13750
     13992
     13690
     13656
     13697
     13955
     13859
     13662
     13814
     13818
     14010
     13756
     13950
     13897
     13484
     13867
     13678
     13717
     13567
     13620
     13589
     13622
     13643
     13688
     13790
     13624
     13711
     13935
     13729
     13880
     13649
     13810
     13710
     13518
     13660
     13647
     13597
     13387
     13744
     13674
     13752
     13680
     13706
     13775
     13622
     13630
     13803
     13627
     13789
     13549
     13669
     13565
     13628
     13724
     13713
     13589
     13817
     13707
     13774
     13524
     13691
     13777
     13668
     13479
     13507
     13628
     13818
     13565
     13496
     13491
     13561
     13677
     13486
     13571
     13596
     13723
     13277
     13526
     13439
     13381
     13402
     13386
     13296
     13380
     13409
     13342
     13213
     13190
     13443
     13060
     13208
     12991
     13100
     12891
     13041
     12831
     12958
     12751
     12819
     12820
     12694
     12513
     12889
     12709
     12530
     12451
     12437
     12571
     12378
     12436
     12515
     12167
     12122
     12218
     12276
     12049
     12007
     12012
     11798
     11954
     11914
     11644
     11400
     11479
     11580
     11655
     11500
     11553
     11287
     11201
     11291
     11408
     11088
     11103
     11149
     10996
     11060
     10730
     10827
     10726
     10827
     10703
     10677
     10600
     10522
     10589
     10476
     10537
     10353
     10310
     10432
     10325
     10309
     10173
     10309
     10164
     10116
     10114
     10059
      9901
     10032
     10121
      9973
      9880
     10028
      9915
     10001
      9809
      9854
      9704
      9872
      9767
      9673
      9648
      9585
      9626
      9829
      9600
      9543
      9538
      9673
      9530
      9519
      9406
      9566
      9395
      9437
      9522
      9513
      9654
      9167
      9511
      9329
      9346
      9370
      9281
      9391
      9296
      9340
      9304
      9396
      9428
      9346
      9261
      9343
      9396
      9357
      9211
      9154
      9305
      9227
      9187
      9237
      9464
      9257
      9206
      9173
      9270
      9325
      9133
      9062
      9180
      9072
      8895
      9190
      9316
      9290
      9039
      9211
      8988
      9095
      9211
      9028
      9105
      9217
      9123
      9010
      9250
      9047
      9215
      9122
      9309
      9262
      9409
      9323
      9236
      9380
      9451
      9439
      9692
      9448
      9733
      9668
      9734
     10036
     10122
     10284
     10180
     10301
     10403
     10681
     10775
     10896
     11027
     11258
     11628
     11719
     11893
     12072
     12700
     12658
     12659
     12998
     13130
     13606
     13883
     14295
     14435
     14660
     15186
     15499
     15877
     16254
     16377
     17264
     16998
     17809
     18371
     18797
     18957
     19424
     20015
     20629
     20747
     21431
     21763
     22249
     22670
     22925
     23361
     23819
     24200
     24330
     25025
     25421
     26074
     26172
     26687
     27049
     27227
     27800
     28436
     28314
     28761
     28937
     29176
     29466
     30084
     30290
     30091
     30540
     30267
     30338
     30522
     31013
     30822
     31130
     30572
     30211
     30770
     30569
     30609
     30439
     30339
     30037
     29794
     29585
     29024
     29136
     28501
     28199
     27780
     27647
     27194
     27158
     26229
     25550
     25287
     25030
     24441
     24198
     23741
     22794
     22408
     21998
     21364
     20982
     20200
     19922
     19210
     18785
     17989
     17584
     17173
     16715
     16084
     15841
     15198
     14700
     14323
     13643
     13188
     12742
     12153
     11661
     11403
     11128
     10511
     10219
      9772
      9356
      8942
      8801
      8336
      8146
      7790
      7523
      7354
      7192
      6688
      6507
      6349
      6265
      5691
      5610
      5598
      5473
      5352
      5250
      5106
      5082
      4955
      4963
      4836
      4779
      4841
      4871
      4801
      4703
      4964
      4882
      4982
      4944
      5016
      5150
      5260
      5428
      5402
      5603
      5769
      5753
      5977
      6270
      6360
      6455
      6805
      6961
      7244
      7521
      7645
      7990
      8221
      8530
      8814
      9249
      9410
      9873
      9819
     10344
     10915
     10892
     11541
     11647
     12227
     12443
     12885
     13262
     13724
     13900
     14320
     14902
     15312
     15569
     16278
     16464
     16775
     16909
     17742
     18162
     18804
     18835
     19226
     19286
     19703
     20333
     20480
     20797
     21191
     21354
     21720
     21933
     22228
     22509
     22859
     23079
     23173
     23341
     23389
     23833
     23526
     24363
     24177
     24239
     24201
     24119
     24769
     24135
     24253
     24144
     24303
     24368
     24095
     24083
     23741
     23795
     23642
     23378
     23221
     23060
     22660
     22500
     22509
     21911
     21756
     21392
     21042
     20608
     20195
     19891
     19826
     19232
     18992
     18482
     18234
     17828
     17579
     17294
     16527
     16058
     15703
     15065
     14848
     14316
     14080
     13541
     13373
     12704
     12413
     11752
     11701
     11223
     10642
     10401
     10069
      9526
      9157
      8835
      8623
      8125
      7642
      7313
      7215
      6670
      6538
      6176
      6032
      5584
      5399
      5217
      4955
      4721
      4353
      4255
      4006
      3737
      3527
      3338
      3165
      2910
      2900
      2650
      2539
      2324
      2244
      2036
      1988
      1895
      1701
      1712
      1468
      1499
      1304
      1220
      1217
      1112
       998
       974
       869
       863
       807
       725
       653
       616
       595
       585
       473
       433
       420
       400
       385
       327
       320
       305
       267
       236
       246
       217
       234
       209
       204
       187
       175
       154
       118
       121
       112
       102
       100
       125
       103
        98
        89
        91
        81
        78
        56
        73
        80
        66
        64
        58
        45
        65
        60
        45
        65
        63
        66
        46
        60
        44
        41
        57
        54
        57
        47
        53
        51
        47
        46
        61
        54
        48
        42
        44
        40
        49
        36
        62
        48
        60
        47
        38
        38
        54
        48
        37
        37
        40
        55
        44
        47
        44
        44
        50
        44
        45
        41
        52
        42
        58
        49
        42
        43
        41
        43
        45
        39
        35
        55
        39
        40
        41
        37
        50
        41
        33
        45
        46
        49
        52
        39
        63
        59
        50
        56
        34
        32
        41
        49
        35
        35
        37
        49
        36
        48
        26
        33
        44
        43
        35
        40
        42
        37
        42
        31
        43
        50
        42
        32
        47
        41
        44
        44
        43
        56
        47
        44
        51
        52
        41
        33
        34
        40
        51
        41
        29
        45
        30
        32
        40
        32
        48
        32
        39
        44
        25
        31
        36
        33
        33
        43
        44
        38
        50
        37
        39
        43
        25
        46
        37
        44
        39
        45
        30
        50
        56
        31
        38
        31
        36
        38
        33
        34
        46
        40
        36
        33
        42
        35
        39
        32
        29
        25
        47
        38
        40
        34
        33
        28
        32
        41
        40
        37
        33
        40
        36
        33
        38
        35
        28
        32
        41
        30
        34
        33
        41
        29
        37
        38
        34
        42
        35
        36
        31
        29
        28
        23
        25
        27
        31
        31
        28
        27
        28
        30
        32
        43
        33
        31
        26
        26
        19
        33
        25
        32
        33
        24
        40
        29
        32
        20
        18
        28
        38
        32
        36
        32
        28
        31
        28
        22
        22
        25
        28
        18
        36
        35
        34
        37
        26
        20
        22
        31
        31
        18
        32
        32
        24
        35
        34
        20
        29
        26
        34
        38
        29
        25
        28
        22
        35
        30
        32
        31
        25
        25
        21
        26
        26
        28
        25
        20
        23
        24
        32
        27
        29
        18
        20
        30
        36
        28
        24
        35
        21
        16
        31
        26
        37
        33
        27
        22
        28
        29
        30
        26
        16
        15
        17
        23
        24
        20
        26
        33
        31
        27
        19
        37
        26
        27
        24
        27
        21
        26
        31
        32
        28
        20
        34
        26
        29
        21
        25
        26
        19
        23
        17
        26
        24
        24
        26
        26
        20
        30
        33
        25
        33
        24
        22
        20
        14
        28
        23
        17
        17
        27
        18
        25
        21
        17
        13
        18
        28
        24
        17
        34
        32
        28
        19
        25
        31
        17
        25
        26
        21
        19
        17
        23
        19
        22
        23
        21
        18
        26
        26
        20
        28
        29
        22
        17
        22
        21
        21
        31
        23
        17
        31
        10
        26
        24
        21
        16
        17
        26
        14
        19
        28
        31
        28
        22
        18
        27
        20
        24
        17
        19
        19
        27
        24
        22
        17
        20
        19
        32
        26
        28
        26
        24
        15
        20
        19
        13
        24
        13
        21
        18
        23
        15
        16
        19
        25
        14
        26
        27
        18
        15
        19
        23
        24
        27
        23
        16
        21
        17
        20
        16
        19
        14
        16
        22
        24
        22
        18
        29
        13
        22
        17
        14
        21
        17
        11
        24
        18
        19
        15
        18
        17
        17
         9
        17
        13
        18
        23
        21
        21
        20
        18
        18
        20
        18
        19
        22
         9
        18
        19
        21
        14
        20
        27
        18
        20
        16
        26
        27
        18
        18
        10
        13
        23
        17
        17
        22
        18
        13
        13
        18
        14
        19
        21
        23
        17
        15
        17
        14
        15
        21
        14
        13
        16
        12
        19
        18
        11
        18
        23
        16
        13
        16
        13
        21
        19
        20
        13
        18
        18
        16
        17
         8
        20
        11
        22
        19
        17
        12
        21
        16
         7
        16
        14
        19
        14
        12
        17
        21
        18
        11
        19
        18
        14
        14
         7
        12
        24
        12
        21
        11
        14
        11
         8
        13
        14
        16
        18
        14
        24
        17
        15
        15
        15
        14
        17
        12
         6
        14
        19
        13
        21
        13
        12
        11
        12
        13
        14
         7
        18
        16
        17
        16
        12
         8
        11
        18
        10
        12
        18
        11
        14
        11
         8
        13
        17
        20
        17
        20
        10
        17
        16
        11
        22
        15
        12
        15
        17
        13
        11
        14
         9
        23
        15
        27
         9
        14
        17
        22
        16
        14
        20
        10
        16
        17
        13
        10
         7
        12
        11
        15
         9
         6
        12
        15
        14
        10
        17
        16
        16
        13
        10
        23
        12
        16
         9
        15
         6
        18
        13
        16
        11
        16
        12
        18
        13
        16
        22
        12
        14
        12
        19
         9
         9
        11
        15
        14
        14
        11
        16
        11
        12
        15
        16
        12
        23
        16
        13
        11
         9
        13
        13
        19
        12
         9
        15
        15
        15
        10
        13
         9
        15
        12
         8
        12
        16
        14
        12
         9
         6
        12
        14
        12
        16
        17
        12
        12
        14
        13
         9
        10
        14
         8
        13
         9
        13
        19
         9
        13
        14
        11
        15
        13
        13
        13
        10
         9
        17
        14
        15
        21
        14
        19
        12
         8
        17
        11
        10
        13
         6
        17
        11
        17
        13
         9
        15
        15
         9
        15
        12
        10
        15
         8
        13
         8
        14
        13
        16
        10
         6
        20
        10
        15
         9
        13
        11
        17
        13
        12
         9
        11
        11
        16
         9
        13
        11
         5
        12
        10
        11
        15
        13
        14
         8
         8
         8
        13
         5
         9
        12
        11
        11
        12
        10
        17
         6
        11
        14
        12
        13
         6
         4
         8
        16
        11
        10
         7
        11
        12
         8
        11
        13
         6
        13
        17
         9
         8
        10
         8
        12
        11
        11
        10
         9
         7
         9
        10
         9
         7
         7
        14
         9
         8
        14
         8
        11
         7
         3
         6
         7
         6
         5
        12
         3
         2
         5
         5
         4
        11
         7
         8
         6
         9
         4
         4
         3
         6
         9
         6
         5
        14
         5
         3
         4
         6
         6
        13
         6
         8
         8
         2
         7
         4
         7
         5
         7
         2
         4
         6
         4
        10
         9
         5
         4
         4
         2
         3
         8
         6
         4
         6
         8
         5
         7
         6
         3
         7
         4
         7
         4
         7
         7
         7
         3
         7
         5
         5
         1
         3
         5
         4
         2
         9
         3
         2
         8
         5
         4
        16
         8
         3
        12
         8
         3
        10
         4
         7
         5
         4
         2
         5
         3
         6
         7
         6
         5
         6
         3
         0
         5
         8
         5
         9
         6
         9
         7
         9
         8
         3
         8
        11
        13
         5
         7
         5
        11
        12
        11
         9
        11
        11
         8
        17
        10
         9
         9
         5
        12
         9
        12
        12
         8
        12
        20
         7
        11
        14
        12
        12
        13
         9
        13
        13
        14
        10
        11
        13
        10
         6
        19
        10
        15
        15
        12
        11
        11
        13
        16
        22
        17
        13
        13
        15
        20
        12
        11
        13
        17
        13
        14
        12
        20
        13
        18
        16
        15
        12
        17
        17
        15
        26
         9
        13
        22
        32
        17
        14
        19
         9
        10
        17
        26
        16
        18
        13
        21
        13
        18
        15
        20
        17
        17
        11
        23
        20
        12
        16
        12
        15
         9
        12
        21
        14
         9
        10
        17
        10
        10
         8
        14
         8
        11
        13
        17
        14
         7
        10
        13
         9
         7
        13
        12
         8
         5
         8
         6
        13
         8
        18
        10
         6
        11
         9
         7
        10
         4
         6
         1
         5
         9
         8
         4
         6
         8
         5
         5
         7
         4
         4
         4
         3
         3
         6
         1
         4
         4
         8
         1
         2
         0
         4
         3
         3
         1
         7
         1
         5
         3
         0
         0
         2
         0
         4
         1
         3
         3
         2
         1
         0
         1
         1
         1
         0
         1
         1
         0
         2
         3
         1
         1
         0
         1
         1
         0
         3
         2
         3
         0
         1
         0
         2
         0
         0
         0
         2
         0
         2
         0
         0
         0
         0
         0
         0
         0
         0
         0
         0
         0
         0
         1
         0
         0
         0
         0
         0
         0
         0
         0
         0
         0
         0
         0
         0
         0
         0
         0
         0
         0
         0
         0
         0
         0
         0
         0
         0
         0
         0
         1
         0
         0
         0
         0
         0
         0
         0
         0
         0
         0
         0
         0
         0
         0
         0
         0
         0
         0
         0
         0
         0
         0
         0
         0
         0
         0
         0
         0
         0
         0
         0
         0
         0
         0
         0
         0
         0
         0
         0
         0
         0
         0
         0
         0
         0
         0
         0
         0
         0
         0
         0
         0
         0
         0
         0
         0
         0
         0
         0
         0
         0
         0
         0
         0
         0
         0
         0
         0
         0
         0
         0
         0
         0
         0
         0
         0
         0
         0
         0
         0
         0
         0
         0
         0
         0
         0
         0
         0
         0
         0
         0
         0
         0
         0
         0
         0
         0
         0
         0
         0
         0
         0
         0
         0
         0
         0
         0
         0
         0
         0
         0
         0
         0
         0
         0
         0
         0
         0
         0
         0
         0
         0
         0
         0
         0
         0
         0
         0
         0
         0
         0
         0
         0
         0
         0
         0
         0
         0
         0
         0
         0
         0
         0
         0
         0
         0
         0
         0
         0
         0
         0
         0
         0
         0
         0
         0
         0
         0
         0
         0
         0
         0
         0
         0
         0
         0
         0
         0
         0
         0
         0
         0
         0
         0
         0
         0
         0
         0
         0
         0
         0
         0
         0
         0
         0
         0
         0
         0
         0
         0
         0
         0
         0
         0
         0
         0
         0
         0
         0
         0
         0
         0
         0
         0
         0
         0
         0
         0
         0
         0
         0
         0
         0
         0
         0
         0
         0
         0
         0
         0
         0
         0
         0
         0
         0
         0
         0
         0
         0
         0
         0
         0
         0
         0
         0
         0
         0
         0
         0
         0
         0
         0
         0
         0
         0
         0
         0
         0
         0
         0
         0
         0
         0
         0
         0
         0
         0
         0
         0
         0
         0
         0
         0
         0
         0
         0
         0
         0
         0
         0
         0
         0
         0
         0
         0
         0
         0
         0
         0
         0
         0
         0
         0
         0
         0
         0
         0
         0
         0
         0
         0
         0
         0
         0
         0
         0
         0
         0
         0
         0
         0
         0
         0
         0
         0
         0
         0
         0
         0
         0
         0
         0
         0
         0
         0
         0
         0
         0
         0
         0
         0
