         0
         0
         0
         0
         0
         0
         0
         0
         0
         0
      4903
      5044
      4959
      5154
      5089
      5103
      5110
      5113
      5061
      5137
      5134
      5145
      5150
      5178
      5179
      5227
      5286
      5327
      5274
      5266
      5163
      5188
      5283
      5363
      5317
      5351
      5359
      5241
      5296
      5364
      5418
      5377
      5415
      5280
      5536
      5199
      5457
      5568
      5504
      5431
      5395
      5317
      5513
      5532
      5528
      5489
      5462
      5396
      5573
      5624
      5520
      5619
      5681
      5504
      5633
      5629
      5611
      5708
      5533
      5764
      5803
      5679
      5868
      5824
      5853
      6011
      5904
      5799
      5909
      6010
      5803
      6045
      6042
      5905
      6022
      5945
      6048
      5993
      6190
      6271
      6200
      6213
      6300
      6073
      6243
      6434
      6330
      6253
      6294
      6506
      6375
      6502
      6470
      6536
      6609
      6670
      6685
      6607
      6770
      6655
      6730
      6934
      6850
      6969
      6812
      7139
      7073
      7084
      7226
      7170
      7113
      7124
      7240
      7210
      7297
      7298
      7298
      7460
      7346
      7252
      7416
      7451
      7578
      7422
      7435
      7398
      7650
      7445
      7613
      7466
      7549
      7664
      7508
      7676
      7641
      7538
      7531
      7642
      7615
      7784
      7683
      7689
      7746
      7771
      7715
      7934
      7643
      7828
      7841
      7773
      7891
      7867
      8032
      7971
      7989
      7964
      8143
      8090
      8274
      8374
      8266
      8525
      8551
      8664
      8656
      8928
      8974
      9111
      9217
      9423
      9597
      9831
      9867
     10063
     10012
     10387
     10338
     10620
     10616
     10761
     10969
     11020
     11026
     11091
     11222
     10986
     11205
     11235
     11198
     11449
     11180
     11008
     11033
     11176
     11019
     11048
     11025
     11242
     10831
     10858
     10835
     10775
     10914
     10791
     10693
     10649
     10624
     10554
     10453
     10606
     10415
     10241
     10322
     10344
     10224
     10166
     10356
     10062
     10087
     10051
     10133
      9969
      9787
      9828
      9805
      9578
      9664
      9683
      9644
      9680
      9547
      9644
      9640
      9525
      9352
      9324
      9363
      9378
      9541
      9304
      9406
      9372
      9069
      9274
      9091
      9059
      9022
      9104
      9074
      9156
      9096
      9099
      8872
      9050
      8961
      9013
      8863
      8915
      8877
      8851
      8757
      8884
      8680
      8720
      8815
      8590
      8725
      8866
      8664
      8648
      8749
      8573
      8683
      8638
      8587
      8553
      8367
      8384
      8542
      8434
      8473
      8386
      8404
      8205
      8499
      8417
      8335
      8188
      8255
      8348
      8482
      8365
      8267
      8226
      8312
      8307
      8496
      8301
      8089
      8215
      8122
      8228
      8132
      8140
      8153
      7977
      7996
      7936
      7957
      7972
      7851
      8032
      7979
      7885
      8014
      7876
      7895
      7918
      7817
      8052
      7813
      7925
      7933
      7832
      7947
      7797
      7779
      7863
      7775
      7906
      7637
      7730
      7750
      7880
      7774
      7486
      7708
      7773
      7620
      7627
      7597
      7560
      7403
      7728
      7663
      7481
      7587
      7453
      7466
      7507
      7510
      7468
      7464
      7492
      7612
      7442
      7584
      7608
      7454
      7533
      7568
      7610
      7264
      7527
      7426
      7415
      7606
      7574
      7350
      7457
      7604
      7301
      7355
      7299
      7343
      7389
      7653
      7314
      7468
      7455
      7503
      7522
      7370
      7309
      7491
      7552
      7452
      7543
      7438
      7478
      7376
      7529
      7476
      7585
      7462
      7510
      7583
      7466
      7522
      7608
      7454
      7569
      7437
      7538
      7709
      7485
      7449
      7613
      7682
      7663
      7611
      7638
      7632
      7738
      7474
      7765
      7766
      7699
      7611
      7647
      7727
      7698
      7623
      7678
      7798
      7713
      7703
      7799
      7695
      7684
      7725
      7834
      7761
      7742
      7601
      7637
      7640
      7577
      7740
      7664
      7684
      7515
      7555
      7421
      7546
      7512
      7370
      7356
      7307
      7291
      7203
      7245
      7121
      7097
      6836
      6815
      6709
      6920
      6650
      6574
      6474
      6374
      6349
      6156
      6142
      6012
      6207
      5846
      5730
      5732
      5521
      5442
      5383
      5125
      5186
      5132
      5064
      4954
      4941
      4659
      4782
      4604
      4614
      4313
      4496
      4295
      4129
      4097
      3943
      4058
      3921
      3935
      3814
      3761
      3615
      3713
      3692
      3613
      3686
      3507
      3542
      3531
      3490
      3350
      3362
      3356
      3249
      3133
      3215
      3105
      3176
      3152
      3121
      3108
      3126
      3098
      3123
      2993
      2980
      2907
      3022
      2913
      3030
      2902
      2872
      2937
      2817
      2965
      2897
      2749
      2827
      2724
      2828
      2779
      2854
      2893
      2836
      2788
      2741
      2639
      2700
      2681
      2649
      2764
      2792
      2729
      2652
      2724
      2700
      2747
      2630
      2617
      2630
      2704
      2678
      2556
      2632
      2612
      2591
      2540
      2655
      2597
      2607
      2643
      2564
      2481
      2570
      2541
      2489
      2598
      2545
      2513
      2609
      2577
      2537
      2569
      2560
      2551
      2676
      2631
      2690
      2702
      2765
      2758
      2883
      2748
      2881
      3040
      3005
      3136
      3245
      3341
      3365
      3562
      3832
      3996
      4187
      4319
      4612
      4930
      5293
      5484
      5977
      6400
      6792
      7432
      7706
      8385
      8985
      9705
     10505
     10987
     11863
     12658
     13635
     14485
     15466
     16587
     17684
     19179
     19934
     21244
     22674
     23840
     25105
     26476
     27960
     29788
     31470
     32378
     34054
     35436
     37054
     38568
     39835
     41126
     42598
     43898
     45137
     45879
     47828
     48609
     49496
     50496
     50882
     51920
     52163
     52910
     53596
     53374
     53629
     53941
     53727
     53325
     52753
     53070
     52365
     51879
     50886
     49616
     48955
     48076
     46827
     45965
     44141
     43125
     41786
     40367
     38898
     37747
     35894
     34304
     32758
     31365
     29699
     28205
     27127
     25336
     23963
     22398
     21210
     19788
     18427
     17401
     15927
     14802
     13562
     12767
     11842
     10868
      9929
      9103
      8309
      7582
      6949
      6327
      5763
      5184
      4683
      4176
      3703
      3348
      3037
      2810
      2382
      2152
      1844
      1640
      1456
      1306
      1112
       981
       827
       718
       632
       546
       531
       452
       353
       318
       268
       232
       184
       181
       147
       116
       130
        99
        86
        69
        59
        45
        42
        30
        26
        26
        27
        19
        15
        14
        10
         9
         2
         4
         5
         4
         0
         1
         1
         3
         1
         0
         2
         2
         0
         2
         1
         2
         0
         0
         1
         0
         0
         1
         0
         0
         0
         1
         0
         1
         1
         0
         0
         0
         0
         1
         0
         3
         0
         0
         0
         1
         0
         0
         0
         1
         0
         0
         0
         0
         0
         1
         0
         0
         0
         0
         1
         0
         0
         0
         0
         0
         0
         0
         0
         1
         0
         2
         1
         1
         0
         1
         0
         0
         1
         0
         0
         1
         0
         0
         0
         0
         0
         0
         0
         0
         0
         0
         0
         0
         0
         0
         0
         0
         0
         0
         0
         0
         0
         0
         0
         0
         0
         0
         1
         0
         0
         0
         0
         0
         0
         0
         0
         0
         0
         1
         0
         0
         0
         0
         0
         0
         0
         0
         0
         0
         0
         0
         0
         0
         0
         0
         0
         0
         0
         0
         0
         0
         0
         0
         1
         0
         0
         0
         0
         0
         0
         0
         0
         0
         0
         0
         0
         0
         0
         1
         0
         0
         0
         0
         0
         0
         0
         0
         0
         0
         0
         0
         0
         0
         0
         0
         0
         0
         0
         0
         0
         0
         0
         1
         0
         0
         0
         0
         1
         0
         0
         0
         0
         0
         0
         0
         0
         0
         0
         0
         0
         0
         0
         0
         0
         0
         0
         0
         0
         0
         0
         0
         0
         0
         0
         0
         0
         0
         0
         0
         0
         0
         0
         0
         0
         0
         0
         0
         0
         0
         0
         1
         0
         0
         0
         0
         0
         0
         0
         0
         0
         0
         0
         0
         0
         0
         0
         0
         0
         0
         0
         0
         0
         0
         0
         0
         0
         0
         0
         0
         0
         0
         0
         0
         0
         0
         0
         0
         0
         0
         0
         0
         0
         0
         0
         0
         0
         0
         0
         0
         0
         0
         0
         0
         0
         0
         0
         0
         0
         0
         0
         0
         0
         0
         0
         0
         0
         0
         0
         0
         0
         0
         0
         0
         0
         0
         0
         0
         0
         0
         0
         0
         0
         0
         0
         0
         0
         0
         0
         0
         0
         0
         0
         0
         0
         0
         0
         0
         0
         0
         0
         0
         0
         0
         0
         0
         0
         0
         0
         0
         0
         0
         0
         0
         0
         0
         0
         0
         0
         0
         0
         0
         0
         0
         0
         0
         0
         0
         0
         0
         0
         0
         0
         0
         0
         0
         0
         0
         0
         0
         0
         0
         0
         0
         0
         0
         0
         0
         0
         0
         0
         0
         0
         0
         0
         0
         0
         0
         0
         0
         0
         0
         0
         0
         0
         0
         0
         0
         0
         0
         0
         0
         0
         0
         0
         0
         0
         0
         0
         0
         0
         0
         0
         0
         0
         0
         0
         0
         0
         0
         0
         0
         0
         0
         0
         0
         0
         0
         0
         0
         0
         0
         0
         0
         0
         0
         0
         0
         0
         0
         0
         0
         0
         0
         0
         0
         0
         0
         0
         0
         0
         0
         0
         0
         0
         0
         0
         0
         0
         0
         0
         0
         0
         0
         0
         0
         0
         0
         0
         0
         0
         0
         0
         0
         0
         0
         0
         0
         0
         0
         0
         0
         0
         0
         0
         0
         0
         0
         0
         0
         0
         0
         0
         0
         0
         0
         0
         0
         0
         0
         0
         0
         0
         0
         0
         0
         0
         0
         0
         0
         0
         0
         0
         0
         0
         0
         0
         0
         0
         0
         0
         0
         0
         0
         0
         0
         0
         0
         0
         0
         0
         0
         0
         0
         0
         0
         0
         0
         0
         0
         0
         0
         0
         0
         0
         0
         0
         0
         0
         0
         0
         0
         0
         0
         0
         0
         0
         0
         0
         0
         0
         0
         0
         0
         0
         0
         0
         0
         0
         0
         0
         0
         0
         0
         0
         0
         0
         0
         0
         0
         0
         0
         0
         0
         0
         0
         0
         0
         0
         0
         0
         0
         0
         0
         0
         0
         0
         0
         0
         0
         0
         0
         0
         0
         0
         0
         0
         0
         0
         0
         0
         0
         0
         0
         0
         0
         0
         0
         0
         0
         0
         0
         0
         0
         0
         0
         0
         0
         0
         0
         0
         0
         0
         0
         0
         0
         0
         0
         0
         0
         0
         0
         0
         0
         0
         0
         0
         0
         0
         0
         0
         0
         0
         0
         0
         0
         0
         0
         0
         0
         0
         0
         0
         0
         0
         0
         0
         0
         0
         0
         0
         0
         0
         0
         0
         0
         0
         0
         0
         0
         0
         0
         0
         0
         0
         0
         0
         0
         0
         0
         0
         0
         0
         0
         0
         0
         0
         0
         0
         0
         0
         0
         0
         0
         0
         0
         0
         0
         0
         0
         0
         0
         0
         0
         0
         0
         0
         0
         0
         0
         0
         0
         0
         0
         0
         0
         0
         0
         0
         0
         0
         0
         0
         0
         0
         0
         0
         0
         0
         0
         0
         0
         0
         0
         0
         0
         0
         0
         0
         0
         0
         0
         0
         0
         0
         0
         0
         0
         0
         0
         0
         0
         0
         0
         0
         0
         0
         0
         0
         0
         0
         0
         0
         0
         0
         0
         0
         0
         0
         0
         0
         0
         0
         0
         0
         0
         0
         0
         0
         0
         0
         0
         0
         0
         0
         0
         0
         0
         0
         0
         0
         0
         0
         0
         0
         0
         0
         0
         0
         0
         0
         0
         0
         0
         0
         0
         0
         0
         0
         0
         0
         0
         0
         0
         0
         0
         0
         0
         0
         0
         0
         0
         0
         0
         0
         0
         0
         0
         0
         0
         0
         0
         0
         0
         0
         0
         0
         0
         0
         0
         0
         0
         0
         0
         0
         0
         0
         0
         0
         0
         0
         0
         0
         0
         0
         0
         0
         0
         0
         0
         0
         0
         0
         0
         0
         0
         0
         0
         0
         0
         0
         0
         0
         0
         0
         0
         0
         0
         0
         0
         0
         0
         0
         0
         0
         0
         0
         0
         0
         0
         0
         0
         0
         0
         0
         0
         0
         0
         0
         0
         0
         0
         0
         0
         0
         0
         0
         0
         0
         0
         0
         0
         0
         0
         0
         0
         0
         0
         0
         0
         0
         0
         0
         0
         0
         0
         0
         0
         0
         0
         0
         0
         0
         0
         0
         0
         0
         0
         0
         0
         0
         0
         0
         0
         0
         0
         0
         0
         0
         0
         0
         0
         0
         0
         0
         0
         0
         0
         0
         0
         0
         0
         0
         0
         0
         0
         0
         0
         0
         0
         0
         0
         0
         0
         0
         0
         0
         0
         0
         0
         0
         0
         0
         0
         0
         0
         0
         0
         0
         0
         0
         0
         0
         0
         0
         0
         0
         0
         0
         0
         0
         0
         0
         0
         0
         0
         0
         0
         0
         0
         0
         0
         0
         0
         0
         0
         0
         0
         0
         0
         0
         0
         0
         0
         0
         0
         0
         0
         0
         0
         0
         0
         0
         0
         0
         0
         0
         0
         0
         0
         0
         0
         0
         0
         0
         0
         0
         0
         0
         0
         0
         0
         0
         0
         0
         0
         0
         0
         0
         0
         0
         0
         0
         0
         0
         0
         0
         0
         0
         0
         0
         0
         0
         0
         0
         0
         0
         0
         0
         0
         0
         0
         0
         0
         0
         0
         0
         0
         0
         0
         0
         0
         0
         0
         0
         0
         0
         0
         0
         0
         0
         0
         0
         0
         0
         0
         0
         0
         0
         0
         0
         0
         0
         0
         0
         0
         0
         0
         0
         0
         0
         0
         0
         0
         0
         0
         0
         0
         0
         0
         0
         0
         0
         0
         0
         0
         0
         0
         0
         0
         0
         0
         0
         0
         0
         0
         0
         0
         0
         0
         0
         0
         0
         0
         0
         0
         0
         0
         0
         0
         0
         0
         0
         0
         0
         0
         0
         0
         0
         0
         0
         0
         0
         0
         0
         0
         0
         0
         0
         0
         0
         0
         0
         0
         0
         0
         0
         0
         0
         0
         0
         0
         0
         0
         0
         0
         0
         0
         0
         0
         0
         0
         0
         0
         0
         0
         0
         0
         0
         0
         0
         0
         0
         0
         0
         0
         0
         0
         0
         0
         0
         0
         0
         0
         0
         0
         0
         0
         0
         0
         0
         0
         0
         0
         0
         0
         0
         0
         0
         0
         0
         0
         0
         0
         0
         0
         0
         0
         0
         0
         0
         0
         0
         0
         0
         0
         0
         0
         0
         0
         0
         0
         0
         0
         0
         0
         0
         0
         0
         0
         0
         0
         0
         0
         0
         0
         0
         0
         0
         0
         0
         0
         0
         0
         0
         0
         0
         0
         0
         0
         0
         0
         0
         0
         0
         0
         0
         0
         0
         0
         0
         0
         0
         0
         0
         0
         0
         0
         0
         0
         0
         0
         0
         0
         0
         0
         0
         0
         0
         0
         0
         0
         0
         0
         0
         0
         0
         0
         0
         0
         0
         0
         0
         0
         0
         0
         0
         0
         0
         0
         0
         0
         0
         0
         0
         0
         0
         0
         0
         0
         0
         0
         0
         0
         0
         0
         0
         0
         0
         0
         0
         0
         0
         0
         0
         0
         0
         0
         0
         0
         0
         0
         0
         0
         0
         0
         0
         0
         0
         0
         0
         0
         0
         0
         0
         0
         0
         0
         0
         0
         0
         0
         0
         0
         0
         0
         0
         0
         0
         0
         0
         0
         0
         0
         0
         0
         0
         0
         0
         0
         0
         0
         0
         0
         0
         0
         0
         0
         0
         0
         0
         0
         0
         0
         0
         0
         0
         0
         0
         0
         0
         0
         0
         0
         0
         0
         0
         0
         0
         0
         0
         0
         0
         0
         0
         0
         0
         0
         0
         0
         0
         0
         0
         0
         0
         0
         0
         0
         0
         0
         0
         0
         0
         0
         0
         0
         0
         0
         0
         0
         0
         0
         0
         0
         0
         0
         0
         0
         0
         0
         0
         0
         0
         0
         0
         0
         0
         0
         0
         0
         0
         0
         0
         0
         0
         0
         0
         0
         0
         0
         0
         0
         0
         0
         0
         0
         0
         0
         0
         0
         0
         0
         0
         0
         0
         0
         0
         0
         0
         0
         0
         0
         0
         0
         0
         0
         0
         0
         0
         0
         0
         0
         0
         0
         0
         0
         0
         0
         0
         0
         0
         0
         0
         0
         0
         0
         0
         0
         0
         0
         0
         0
         0
         0
         0
         0
         0
         0
         0
         0
         0
         0
         0
         0
         0
         0
         0
         0
         0
         0
         0
         0
         0
         0
         0
         0
         0
         0
         0
         0
         0
         0
         0
         0
         0
         0
         0
         0
         0
         0
         0
         0
         0
         0
         0
         0
         0
         0
         0
         0
         0
         0
         0
         0
         0
         0
         0
         0
         0
         0
         0
         0
         0
         0
         0
         0
         0
         0
         0
         0
         0
         0
         0
         0
         0
         0
         0
         0
         0
         0
         0
         0
         0
         0
         0
         0
         0
         0
         0
         0
         0
         0
         0
         0
         0
         0
         0
         0
         0
         0
         0
         0
         0
         0
         0
         0
         0
         0
         0
         0
         0
         0
         0
         0
         0
         0
         0
         0
         0
         0
         0
         0
         0
         0
         0
         0
         0
         0
         0
         0
         0
         0
         0
         0
         0
         0
         0
         0
         0
         0
         0
         0
         0
         0
         0
         0
         0
         0
         0
         0
         0
         0
         0
         0
         0
         0
         0
         0
         0
         0
         0
         0
         0
         0
         0
         0
         0
         0
         0
         0
         0
         0
         0
         0
         0
         0
         0
         0
         0
         0
         0
         0
         0
         0
         0
         0
         0
         0
         0
         0
         0
         0
         0
         0
         0
         0
         0
         0
         0
         0
         0
         0
         0
         0
         0
         0
         0
         0
         0
         0
         0
         0
         0
         0
         0
         0
         0
         0
         0
         0
         0
         0
         0
         0
         0
         0
         0
         0
         0
         0
         0
         0
         0
         0
         0
         0
         0
         0
         0
         0
         0
         0
         0
         0
         0
         0
         0
         0
         0
         0
         0
         0
         0
         0
         0
         0
         0
         0
         0
         0
         0
         0
         0
         0
         0
         0
         0
         0
         0
         0
         0
         0
         0
         0
         0
         0
         0
         0
         0
         0
         0
         0
         0
         0
         0
         0
         0
         0
         0
         0
         0
         0
         0
         0
         0
         0
         0
         0
         0
         0
         0
         0
         0
         0
         0
         0
         0
         0
         0
         0
         0
         0
         0
         0
         0
         0
         0
         0
         0
         0
         0
         0
         0
         0
         0
         0
         0
         0
         0
         0
         0
         0
         0
         0
         0
         0
         0
         0
         0
         0
         0
         0
         0
         0
         0
         0
         0
         0
         0
         0
         0
         0
         0
         0
         0
         0
         0
         0
         0
         0
         0
         0
         0
         0
         0
         0
         0
         0
         0
         0
         0
         0
         0
         0
         0
         0
         0
         0
         0
         0
         0
         0
         0
         0
         0
         0
         0
         0
         0
         0
         0
         0
         0
         0
         0
         0
         0
         0
         0
         0
         0
         0
         0
         0
         0
         0
         0
         0
         0
         0
         0
         0
         0
         0
         0
         0
         0
         0
         0
         0
         0
         0
         0
         0
         0
         0
         0
         0
         0
         0
         0
         0
         0
         0
         0
         0
         0
         0
         0
         0
         0
         0
         0
         0
         0
         0
         0
         0
         0
         0
         0
         0
         0
         0
         0
         0
         0
         0
         0
         0
         0
         0
         0
         0
         0
         0
         0
         0
         0
         0
         0
         0
         0
         0
         0
         0
         0
         0
         0
         0
         0
         0
         0
         0
         0
         0
         0
         0
         0
         0
         0
         0
         0
         0
         0
         0
         0
         0
         0
         0
         0
         0
         0
         0
         0
         0
         0
         0
         0
         0
         0
         0
         0
         0
         0
         0
         0
         0
         0
         0
         0
         0
         0
         0
         0
         0
         0
         0
         0
         0
         0
         0
         0
         0
         0
         0
         0
         0
         0
         0
         0
         0
         0
         0
         0
         0
         0
         0
         0
         0
         0
         0
         0
         0
         0
         0
         0
         0
         0
         0
         0
         0
         0
         0
         0
         0
         0
         0
         0
         0
         0
         0
         0
         0
         0
         0
         0
         0
         0
         0
         0
         0
         0
         0
         0
         0
         0
         0
         0
         0
         0
         0
         0
         0
         0
         0
         0
         0
         0
         0
         0
         0
         0
         0
         0
         0
         0
         0
         0
         0
         0
         0
         0
         0
         0
         0
         0
         0
         0
         0
         0
         0
         0
         0
         0
         0
         0
         0
         0
         0
         0
         0
         0
         0
         0
         0
         0
         0
         0
         0
         0
         0
         0
         0
         0
         0
         0
         0
         0
         0
         0
         0
         0
         0
         0
         0
         0
         0
         0
         0
         0
         0
         0
         0
         0
         0
         0
         0
         0
         0
         0
         0
         0
         0
         0
         0
         0
         0
         0
         0
         0
         0
         0
         0
         0
         0
         0
         0
         0
         0
         0
         0
         0
