         0
         0
         0
         0
         0
         0
         0
         0
         0
         0
     14706
     14922
     14891
     15227
     15347
     15478
     15513
     15284
     15375
     15414
     15527
     15450
     15370
     15494
     15561
     15590
     15682
     15429
     15586
     15707
     15848
     15719
     15891
     15791
     15925
     15710
     16097
     15796
     16150
     16069
     16073
     15988
     16114
     16083
     16066
     16099
     16054
     15986
     16182
     16058
     15891
     16003
     16244
     16084
     16081
     16038
     16006
     16081
     16116
     16299
     16307
     16350
     16250
     16652
     16233
     16363
     16350
     16191
     16325
     16735
     16771
     16770
     16950
     17141
     16845
     17006
     17336
     17413
     17399
     17442
     17728
     17752
     17894
     17920
     18105
     18339
     18655
     18492
     18683
     19041
     19068
     18945
     19573
     19307
     19787
     19701
     20061
     20267
     20377
     20707
     20940
     20817
     21107
     21220
     21471
     21752
     22343
     22390
     22229
     22673
     22628
     22974
     23003
     23423
     23634
     23845
     23973
     24176
     24733
     24758
     24913
     25204
     25415
     25661
     26133
     26081
     26463
     26441
     26743
     26593
     26913
     27174
     27346
     27768
     27678
     27807
     27859
     28053
     28013
     28413
     28123
     28407
     28318
     28660
     28703
     29054
     28808
     28892
     29189
     28792
     28944
     28683
     29416
     29065
     29343
     29001
     29173
     29468
     29363
     29159
     28927
     28793
     29496
     29148
     29021
     29770
     29325
     29476
     29565
     29421
     29244
     29490
     29679
     29322
     29645
     29683
     29655
     29491
     29728
     30020
     29604
     29696
     29989
     29840
     30106
     29894
     30123
     29782
     30124
     30246
     30019
     30090
     30243
     30296
     30686
     30798
     30680
     30889
     31039
     31437
     31321
     31631
     31515
     31921
     32098
     32616
     32702
     32836
     32754
     33409
     33713
     33751
     34362
     34058
     34343
     35009
     35246
     35123
     35671
     35779
     35344
     35374
     36048
     36170
     35674
     35951
     35815
     35903
     36135
     35859
     35732
     35805
     35797
     35200
     35527
     34871
     35248
     35077
     34731
     34481
     34476
     34623
     34232
     34380
     34105
     34341
     33874
     33579
     33721
     33335
     33192
     33447
     33233
     32898
     32836
     32806
     32664
     32448
     32579
     32182
     32277
     31738
     31671
     31997
     31812
     31619
     31771
     31401
     31083
     31472
     31056
     30942
     31000
     30609
     30334
     30441
     30533
     30380
     30429
     30487
     30100
     30071
     29962
     29766
     29715
     29354
     29341
     29354
     28805
     29220
     29129
     29143
     29304
     28770
     28775
     28739
     28645
     28575
     28420
     28209
     28173
     28186
     28173
     27864
     27929
     28043
     27687
     27978
     27857
     27395
     27715
     27288
     27455
     27461
     27199
     27073
     27052
     26748
     26634
     26695
     26941
     26786
     26412
     26435
     26212
     26282
     26201
     26235
     26143
     25574
     25733
     25825
     26055
     25624
     25656
     25590
     25386
     25163
     25289
     25233
     25039
     25054
     25108
     24951
     24771
     24813
     24815
     24500
     24357
     24346
     24559
     24068
     24359
     23971
     24208
     23909
     24064
     23994
     23758
     24301
     23802
     23689
     23963
     23510
     23518
     23424
     23384
     23494
     23347
     23759
     23164
     23103
     23265
     23212
     23191
     23348
     23250
     22766
     22763
     22970
     22995
     22606
     22648
     22645
     22333
     22541
     22336
     22285
     22536
     22300
     22125
     22217
     22034
     22157
     22048
     22073
     21858
     21811
     22031
     21785
     21816
     21971
     21812
     21897
     21857
     21522
     21454
     21497
     21392
     21326
     21487
     21419
     21313
     21312
     20934
     20953
     20986
     21127
     21245
     20923
     20934
     20778
     21049
     20792
     20861
     20967
     20506
     20755
     20810
     20524
     20616
     20696
     20214
     20444
     20368
     20382
     20183
     20219
     20195
     20244
     20029
     20340
     20009
     20081
     20076
     20164
     20240
     19916
     19821
     19985
     19755
     19713
     19599
     19884
     19796
     19596
     19771
     19847
     19788
     19517
     19495
     19411
     19386
     19510
     19391
     19274
     19519
     19384
     19187
     19307
     19318
     19025
     19183
     19129
     19046
     19337
     19122
     19205
     18967
     19123
     18942
     19156
     19051
     18978
     18889
     19013
     19251
     19260
     18924
     19025
     18924
     18680
     18703
     18818
     18802
     18797
     18802
     18935
     18928
     18779
     18849
     18563
     18838
     18569
     18907
     18541
     18733
     18674
     18352
     18558
     18654
     18547
     18485
     18626
     18313
     18456
     18518
     18474
     18305
     18194
     18377
     18198
     18220
     18215
     18189
     18173
     18156
     18084
     18136
     18167
     18101
     17896
     17809
     17587
     17858
     17688
     17822
     17663
     17791
     17547
     17810
     17440
     17494
     17446
     17654
     17371
     17786
     17583
     17385
     17254
     17297
     17587
     17269
     17525
     17180
     17308
     17130
     17229
     17013
     17301
     17279
     16928
     17266
     17249
     17192
     17244
     17246
     17014
     17143
     17076
     17247
     17119
     17043
     17162
     16881
     17053
     17015
     16999
     17055
     17172
     16881
     17071
     17038
     16846
     16895
     16804
     16868
     16766
     16622
     16571
     16684
     16835
     16734
     16926
     16729
     16685
     16826
     16762
     16717
     16874
     16705
     16845
     16698
     16644
     16619
     16844
     16812
     16422
     16588
     16676
     16698
     16581
     16784
     16666
     16706
     16416
     16602
     16680
     16328
     16570
     16470
     16650
     16579
     16555
     16589
     16628
     16605
     16513
     16630
     16716
     16399
     16452
     16312
     16565
     16457
     16537
     16474
     16532
     16441
     16289
     16281
     16319
     16345
     16146
     16336
     16335
     16377
     16460
     16469
     16358
     16298
     16341
     16475
     16585
     16281
     16287
     16145
     16310
     16270
     16376
     16271
     16179
     16181
     16449
     16389
     16037
     16332
     16269
     16450
     16291
     16307
     16028
     16103
     16249
     16081
     16044
     16277
     16074
     16257
     16039
     16254
     16034
     16090
     16027
     16059
     15965
     15975
     16164
     15898
     16023
     15832
     16055
     16179
     16008
     16158
     16110
     15923
     16021
     16062
     16123
     15934
     15835
     15833
     15834
     15756
     16322
     16013
     15846
     16004
     15859
     16213
     15975
     15885
     16160
     15879
     15868
     16135
     15931
     16021
     15851
     15751
     16000
     15932
     15779
     15786
     15799
     16016
     15876
     15862
     15714
     15794
     15846
     15900
     15793
     16086
     15748
     15837
     15860
     15936
     15904
     15876
     15882
     16081
     15792
     16001
     16049
     15989
     15961
     16043
     15886
     16062
     15846
     15858
     16050
     15934
     15917
     15863
     15799
     15963
     15912
     16178
     16083
     15993
     15947
     15820
     15932
     15709
     15914
     16090
     15919
     15907
     15876
     16110
     15873
     16004
     15911
     16116
     16252
     16173
     16098
     15858
     15978
     16080
     16086
     15880
     15914
     15866
     15898
     16241
     15986
     16163
     15781
     15906
     15968
     15938
     16101
     16274
     16273
     16219
     16095
     16366
     16266
     16283
     16366
     16160
     16155
     16405
     16149
     16150
     16208
     16395
     16430
     16171
     16305
     16468
     16259
     16433
     16421
     16262
     16562
     16483
     16344
     16369
     16623
     16490
     16492
     16232
     16560
     16272
     16575
     16314
     16529
     16451
     16362
     16489
     16389
     16543
     16199
     16306
     16415
     16388
     16452
     16654
     16484
     16609
     16629
     16229
     16588
     16316
     16331
     16401
     16502
     16280
     16577
     16440
     16719
     16745
     16691
     16331
     16510
     16514
     16454
     16405
     16403
     16675
     16491
     16408
     16658
     16550
     16517
     16587
     16624
     16763
     16530
     16687
     16587
     16456
     16754
     16601
     16955
     16769
     16532
     16633
     16860
     16849
     16545
     16650
     16684
     16816
     16647
     16785
     16978
     16855
     16715
     16792
     16993
     16775
     16772
     16856
     16794
     16770
     16875
     16658
     16910
     16885
     16891
     16925
     16990
     16873
     16880
     16974
     16684
     16713
     16816
     16603
     16666
     16683
     16929
     16792
     16875
     16586
     16775
     16546
     16684
     16584
     16686
     16537
     16568
     16494
     16563
     16399
     16647
     16490
     16295
     16334
     16376
     16488
     16214
     16101
     16194
     15902
     16096
     16145
     16010
     15923
     15798
     15842
     15730
     15897
     15532
     15577
     15516
     15278
     15233
     14978
     15101
     15287
     15080
     14947
     14821
     14804
     14812
     14552
     14608
     14235
     14368
     14607
     14456
     14140
     13933
     14031
     14038
     13904
     13991
     13639
     13640
     13608
     13504
     13584
     13314
     13459
     13371
     13250
     13207
     13005
     12870
     12806
     12879
     12574
     12728
     12723
     12709
     12447
     12397
     12416
     12460
     12489
     12371
     12298
     12299
     12037
     12128
     12296
     11915
     11868
     11956
     11842
     11895
     11829
     11723
     11693
     11907
     11828
     11591
     11556
     11667
     11571
     11610
     11566
     11491
     11455
     11554
     11680
     11319
     11485
     11385
     11244
     11325
     11352
     11326
     11309
     11203
     11206
     11265
     11193
     11276
     11308
     11207
     11274
     11211
     11268
     11087
     10897
     11057
     10995
     10959
     11261
     11123
     11063
     11150
     11285
     10812
     11061
     10990
     11258
     11085
     11069
     11006
     10906
     11132
     11007
     11113
     11232
     11035
     10942
     10976
     10902
     10724
     10636
     10943
     10846
     11143
     10904
     11169
     10923
     10812
     10929
     10836
     10893
     10863
     11081
     10918
     11002
     11059
     10944
     11013
     11027
     11261
     11339
     11333
     11415
     11366
     11363
     11576
     11711
     11775
     12063
     12227
     12035
     12421
     12471
     12734
     12823
     12914
     13287
     13449
     13825
     14068
     14247
     14345
     14731
     15127
     15395
     15729
     16102
     16332
     16781
     17406
     17663
     18026
     18562
     19057
     19355
     19898
     20856
     21011
     21639
     22260
     22729
     23735
     24035
     24492
     25625
     25945
     26491
     27500
     28320
     28670
     29170
     30148
     30903
     31642
     32304
     33150
     33799
     34207
     35066
     35707
     36470
     37511
     37821
     38460
     39114
     39676
     40295
     40507
     41220
     42207
     42306
     42829
     43320
     43457
     43742
     43883
     44456
     45168
     45081
     45204
     45281
     45240
     45376
     45526
     45604
     45804
     45398
     45104
     44887
     45074
     44821
     44633
     44477
     43569
     43153
     42854
     42632
     42077
     41452
     40366
     40058
     39370
     39002
     38352
     37959
     36779
     36317
     35448
     34311
     34146
     32914
     32879
     31784
     30777
     29978
     29120
     28416
     27232
     26794
     25974
     24831
     24205
     23761
     22551
     21887
     21177
     20280
     19659
     18724
     18484
     17492
     16892
     16130
     15524
     14867
     14340
     13443
     13026
     12700
     12272
     11628
     11280
     10707
     10341
      9795
      9774
      9294
      8831
      8562
      8370
      7931
      7781
      7571
      7262
      7092
      6901
      6605
      6718
      6377
      6289
      6386
      6250
      6002
      6117
      6105
      6272
      6192
      6297
      6389
      6432
      6474
      6680
      6841
      6986
      7252
      7257
      7562
      7755
      8134
      8275
      8695
      8885
      9297
      9592
      9807
     10200
     10585
     10916
     11444
     11942
     12375
     12822
     13302
     13701
     14184
     14654
     15278
     15908
     16399
     16806
     17336
     18078
     18507
     19128
     19789
     20151
     20960
     21344
     22108
     22420
     23213
     23979
     24454
     25177
     25938
     26077
     26720
     27251
     28269
     28520
     29038
     29394
     29995
     30391
     31081
     31219
     31853
     32648
     32692
     33290
     33409
     33830
     34033
     34365
     34927
     34966
     35359
     35449
     35570
     35677
     35905
     36216
     36481
     36318
     35877
     35855
     35860
     35739
     35405
     35411
     35557
     35035
     34647
     34514
     34259
     34124
     33946
     33697
     33118
     32766
     32309
     31739
     31225
     30986
     30198
     29758
     29191
     28561
     28110
     28019
     27214
     26529
     25951
     25321
     24539
     23912
     23451
     23027
     22222
     21858
     20998
     20315
     19764
     18969
     18362
     17707
     17379
     16667
     15922
     15770
     15020
     14325
     13678
     13281
     12818
     12200
     11530
     11151
     10707
     10255
      9814
      9226
      9015
      8430
      8207
      7713
      7435
      6902
      6649
      6287
      5918
      5610
      5221
      5065
      4776
      4529
      4212
      3980
      3799
      3596
      3218
      3127
      2941
      2806
      2537
      2414
      2290
      2135
      1962
      1782
      1701
      1678
      1486
      1416
      1319
      1204
      1151
      1075
      1049
       915
       901
       776
       704
       705
       610
       608
       564
       495
       444
       452
       384
       385
       360
       316
       282
       303
       258
       248
       218
       220
       184
       174
       204
       159
       148
       152
       156
       138
       135
       121
       110
       115
        80
       110
        90
        76
        84
        84
        87
        78
        62
        88
        75
        78
        79
        67
        66
        67
        82
        77
        60
        66
        63
        58
        53
        38
        56
        75
        61
        53
        60
        69
        46
        55
        68
        67
        50
        52
        76
        44
        47
        55
        58
        51
        61
        58
        73
        61
        63
        61
        47
        38
        41
        61
        52
        69
        42
        66
        66
        61
        55
        48
        62
        57
        57
        62
        56
        69
        51
        64
        53
        51
        65
        44
        47
        74
        53
        60
        63
        61
        52
        58
        59
        55
        56
        68
        59
        62
        63
        46
        60
        63
        48
        69
        52
        46
        54
        55
        72
        56
        46
        59
        49
        52
        50
        63
        55
        54
        62
        47
        50
        58
        41
        39
        51
        59
        58
        57
        50
        53
        58
        64
        45
        50
        47
        48
        53
        49
        48
        44
        47
        57
        48
        49
        53
        43
        49
        61
        44
        60
        36
        63
        48
        63
        41
        47
        50
        63
        45
        63
        55
        40
        53
        48
        31
        55
        49
        41
        49
        51
        42
        47
        55
        56
        48
        57
        51
        42
        51
        44
        52
        56
        36
        57
        43
        46
        39
        40
        45
        49
        56
        52
        42
        48
        51
        41
        40
        34
        42
        46
        41
        46
        41
        46
        44
        54
        53
        60
        47
        47
        39
        46
        43
        41
        33
        38
        51
        44
        47
        45
        40
        45
        57
        41
        40
        38
        38
        39
        37
        52
        44
        46
        34
        40
        52
        45
        38
        42
        47
        42
        49
        40
        44
        36
        40
        41
        45
        43
        36
        39
        32
        39
        37
        43
        51
        41
        39
        44
        41
        37
        49
        34
        36
        27
        44
        38
        38
        43
        41
        42
        60
        38
        37
        35
        32
        34
        31
        31
        41
        29
        44
        34
        50
        35
        30
        48
        46
        52
        50
        45
        38
        32
        41
        44
        37
        42
        44
        49
        31
        45
        29
        49
        47
        39
        42
        48
        52
        45
        41
        48
        43
        28
        45
        32
        39
        32
        34
        32
        39
        43
        45
        35
        41
        40
        33
        25
        47
        40
        37
        29
        32
        42
        25
        34
        34
        37
        35
        42
        29
        41
        37
        34
        38
        27
        45
        41
        28
        27
        28
        33
        35
        39
        38
        34
        39
        33
        27
        31
        44
        39
        33
        41
        31
        48
        25
        41
        34
        28
        40
        31
        37
        43
        26
        28
        38
        27
        39
        28
        42
        48
        34
        37
        35
        35
        32
        28
        40
        42
        31
        40
        28
        35
        32
        33
        34
        39
        28
        31
        42
        35
        37
        32
        22
        28
        38
        29
        34
        37
        36
        33
        37
        39
        35
        31
        25
        25
        28
        37
        27
        31
        23
        30
        31
        25
        30
        37
        37
        36
        35
        25
        36
        30
        26
        21
        30
        20
        30
        23
        34
        38
        25
        34
        28
        24
        25
        26
        36
        29
        39
        25
        32
        39
        34
        24
        34
        30
        28
        33
        31
        18
        30
        27
        26
        27
        27
        23
        38
        18
        31
        23
        23
        22
        26
        30
        33
        27
        23
        38
        23
        24
        34
        29
        31
        24
        30
        30
        30
        28
        29
        19
        29
        39
        27
        31
        24
        32
        31
        24
        23
        26
        30
        33
        25
        25
        31
        24
        40
        28
        27
        40
        34
        25
        39
        26
        30
        25
        29
        30
        34
        33
        28
        26
        33
        24
        26
        32
        29
        18
        25
        29
        25
        29
        27
        28
        27
        27
        22
        21
        26
        23
        24
        23
        42
        21
        25
        17
        21
        15
        26
        27
        12
        33
        24
        32
        27
        27
        22
        23
        30
        27
        25
        32
        36
        30
        28
        28
        23
        27
        24
        17
        29
        27
        23
        25
        29
        27
        26
        31
        14
        29
        30
        29
        20
        20
        37
        26
        31
        20
        23
        20
        22
        27
        32
        25
        31
        26
        21
        23
        30
        30
        28
        25
        39
        22
        23
        26
        32
        27
        26
        25
        23
        21
        24
        20
        22
        22
        30
        15
        19
        23
        28
        19
        25
        25
        21
        22
        29
        24
        30
        32
        24
        20
        24
        37
        22
        32
        20
        21
        26
        26
        25
        21
        26
        28
        25
        26
        22
        29
        24
        23
        26
        16
        29
        24
        22
        19
        31
        29
        24
        16
        22
        33
        21
        29
        20
        25
        17
        22
        22
        28
        19
        25
        28
        30
        24
        19
        20
        28
        29
        28
        26
        23
        25
        17
        17
        24
        19
        16
        28
        23
        36
        26
        21
        19
        27
        20
        27
        18
        22
        24
        21
        20
        30
        32
        34
        30
        23
        20
        20
        27
        26
        24
        19
        23
        18
        25
        21
        27
        21
        26
        22
        32
        33
        23
        22
        31
        28
        21
        29
        26
        16
        22
        29
        17
        32
        28
        23
        28
        20
        27
        15
        21
        22
        24
        17
        25
        20
        20
        24
        24
        29
        32
        18
        18
        25
        11
        23
        21
        23
        19
        26
        19
        32
        27
        23
        28
        21
        27
        16
        25
        17
        22
        17
        18
        20
        22
        25
        28
        23
        26
        22
        24
        26
        26
        27
        15
        23
        26
        21
        21
        21
        27
        20
        12
        26
        30
        26
        18
        18
        19
        31
        12
        21
        19
        14
        22
        24
        23
        16
        24
        19
        24
        25
        17
        17
        28
        21
        20
        18
        19
        18
        25
        22
        21
        16
        20
        17
        20
        28
        24
        26
        12
        22
        13
        18
        11
        18
        14
        17
        11
        22
        16
        14
        15
        23
        17
        17
        15
        18
        15
        20
        12
        15
        22
        10
        12
        13
        21
        14
        17
        16
        11
        10
        14
        11
        11
        17
        17
        10
         7
        12
        16
        18
        23
        21
        22
        17
        11
        13
        12
        20
         8
        10
        13
         5
        15
        15
        12
         9
        15
        13
        12
        23
         5
        14
        12
         7
         4
         9
        13
         8
        11
        11
         9
         9
         7
         9
        14
        10
        10
        12
         7
         9
         6
        13
         7
         7
         5
        10
         6
         6
         6
        10
        11
        16
        10
        10
         8
         4
         7
         8
         7
         7
        10
        10
         7
         8
         9
        13
         8
         6
        13
         9
         7
         8
        10
         9
         6
        13
         8
        15
         7
        10
        10
         6
        13
        11
         7
         5
        13
        12
        15
        11
        11
        13
        15
        12
        13
        13
        15
        12
        20
        14
        14
        12
        11
        21
        11
        15
        11
        12
        15
        13
        14
        16
         8
        17
        16
        17
        19
        13
        27
        17
        23
        18
        16
        24
        14
        31
        24
        20
        29
        19
        25
        20
        29
        33
        25
        20
        22
        21
        27
        24
        27
        27
        21
        23
        27
        28
        31
        32
        25
        25
        40
        27
        29
        29
        30
        30
        48
        39
        36
        28
        33
        31
        39
        37
        30
        18
        26
        35
        36
        35
        40
        38
        50
        28
        33
        33
        47
        33
        31
        29
        33
        43
        31
        36
        30
        36
        32
        34
        42
        46
        35
        31
        23
        36
        39
        29
        31
        27
        33
        31
        37
        42
        30
        29
        30
        24
        38
        22
        31
        28
        26
        23
        24
        28
        31
        15
        16
        22
        23
        27
        19
        24
        30
        22
        21
        12
        26
        18
        19
        19
        26
        24
        14
        21
        18
        12
        19
        21
        17
        18
        17
        17
        19
        13
        19
        14
        13
        11
        18
         9
        19
         9
        17
         8
         9
        10
         9
        13
        14
        13
        15
        15
         8
         7
        12
         8
         8
         6
         9
         8
         7
         5
         6
         8
         7
         4
         8
         6
         6
         7
         5
         6
         7
         4
         4
         2
         4
         5
         2
         7
         3
         1
         5
         4
         0
         3
         5
         4
         1
         0
         1
         2
         2
         2
         3
         3
         1
         4
         5
         1
         2
         1
         0
         1
         1
         0
         0
         1
         1
         0
         0
         0
         0
         2
         0
         0
         3
         0
         2
         3
         1
         0
         1
         0
         0
         0
         0
         1
         1
         0
         0
         0
         0
         0
         0
         1
         0
         0
         0
         0
         0
         0
         0
         0
         0
         1
         0
         0
         0
         0
         0
         0
         0
         0
         0
         0
         0
         0
         0
         0
         0
         0
         0
         0
         0
         0
         0
         0
         0
         0
         0
         0
         0
         0
         0
         0
         0
         0
         0
         0
         0
         0
         0
         0
         0
         0
         0
         0
         0
         0
         0
         0
         0
         0
         0
         0
         0
         0
         0
         0
         0
         0
         0
         0
         0
         0
         0
         0
         0
         0
         0
         0
         0
         0
         0
         0
         0
         0
         0
         0
         0
         0
         0
         0
         0
         0
         0
         0
         0
         0
         0
         0
         0
         0
         0
         0
         0
         0
         0
         0
         0
         0
         0
         0
         0
         0
         0
         0
         0
         0
         0
         0
         0
         0
         0
         0
         0
         0
         0
         0
         0
         0
         0
         0
         0
         0
         0
         0
         0
         0
         0
         0
         0
         0
         0
         0
         0
         0
         0
         0
         0
         0
         0
         0
         0
         0
         0
         0
         0
         0
         0
         0
         0
         0
         0
         0
         0
         0
         0
         0
         0
         0
         0
         0
         0
         0
         0
         0
         0
         0
         0
         0
         0
         0
         0
         0
         0
         0
         0
         0
         0
         0
         0
         0
         0
         0
         0
         0
         0
         0
         0
         0
         0
         0
         0
         0
         0
         0
         0
         0
         0
         0
         0
         0
         0
         0
         0
         0
         0
         0
         0
         0
         0
         0
         0
         0
         0
         0
         0
         0
         0
         0
         0
         0
         0
         0
         0
         0
         0
         0
         0
         0
         0
         0
         0
         0
         0
         0
         0
         0
         0
         0
         0
         0
         0
         0
         0
         0
         0
         0
         0
         0
         0
         0
         0
         0
         0
         0
         0
         0
         0
         0
         0
         0
         0
         0
         0
         0
         0
         0
         0
         0
         0
         0
         0
         0
         0
         0
         0
         0
         0
         0
         0
         0
         0
         0
         0
         0
         0
         0
         0
         0
         0
         0
         0
         0
         0
         0
         0
         0
         0
         0
         0
         0
         0
         0
         0
         0
         0
         0
         0
         0
         0
         0
         0
         0
         0
         0
         0
         0
         0
         0
         0
         0
         0
         0
         0
         0
