         0
         0
         0
         0
         0
         0
         0
         0
         0
         0
      5405
      5435
      5403
      5528
      5415
      5498
      5331
      5393
      5428
      5584
      5373
      5585
      5508
      5532
      5535
      5556
      5578
      5548
      5506
      5520
      5424
      5450
      5617
      5473
      5482
      5468
      5413
      5395
      5367
      5342
      5345
      5456
      5491
      5417
      5427
      5367
      5447
      5326
      5554
      5482
      5404
      5424
      5408
      5509
      5502
      5432
      5559
      5620
      5444
      5548
      5526
      5571
      5495
      5488
      5504
      5376
      5418
      5339
      5378
      5445
      5461
      5274
      5251
      5255
      5223
      5353
      5150
      5259
      5363
      5265
      5366
      5313
      5310
      5341
      5277
      5376
      5303
      5312
      5151
      5244
      5202
      5395
      5265
      5282
      5240
      5333
      5398
      5340
      5355
      5302
      5312
      5451
      5251
      5205
      5474
      5286
      5166
      5379
      5258
      5323
      5295
      5406
      5348
      5393
      5481
      5409
      5472
      5326
      5398
      5353
      5373
      5258
      5363
      5380
      5469
      5438
      5382
      5487
      5384
      5410
      5389
      5388
      5369
      5327
      5400
      5314
      5428
      5397
      5455
      5414
      5364
      5420
      5366
      5500
      5398
      5394
      5693
      5531
      5495
      5427
      5364
      5424
      5493
      5668
      5590
      5528
      5485
      5671
      5397
      5491
      5611
      5528
      5718
      5540
      5505
      5553
      5580
      5647
      5523
      5617
      5547
      5465
      5687
      5516
      5516
      5561
      5492
      5313
      5542
      5458
      5607
      5548
      5467
      5578
      5517
      5585
      5531
      5480
      5536
      5535
      5576
      5589
      5631
      5660
      5780
      5602
      5590
      5723
      5696
      5747
      5703
      5818
      5745
      5957
      5854
      6076
      6141
      6084
      6292
      6271
      6359
      6392
      6357
      6576
      6622
      6582
      6633
      6693
      6693
      6896
      6945
      6774
      6955
      6999
      6964
      6924
      6968
      6858
      6829
      6967
      6853
      6901
      6896
      6820
      6775
      6995
      6802
      6739
      6798
      6712
      6829
      6839
      6740
      6873
      6654
      6586
      6653
      6731
      6570
      6541
      6602
      6582
      6468
      6474
      6436
      6533
      6523
      6549
      6523
      6613
      6486
      6424
      6459
      6541
      6441
      6438
      6538
      6400
      6518
      6556
      6334
      6319
      6369
      6248
      6292
      6293
      6412
      6397
      6375
      6300
      6175
      6396
      6304
      6358
      6175
      6413
      6283
      6249
      6335
      6271
      6271
      6345
      6317
      6269
      6124
      6262
      6298
      6340
      6317
      6305
      6212
      6267
      6369
      6428
      6366
      6266
      6275
      6585
      6442
      6297
      6302
      6450
      6416
      6363
      6475
      6391
      6297
      6336
      6328
      6300
      6247
      6375
      6339
      6382
      6454
      6319
      6384
      6381
      6400
      6318
      6359
      6294
      6236
      6306
      6235
      6238
      6311
      5974
      6180
      6092
      6158
      6276
      6291
      6197
      6223
      6160
      5972
      6203
      5970
      6155
      6071
      6032
      6066
      5966
      5976
      5991
      6013
      5973
      6122
      5980
      6151
      5957
      6008
      6003
      5777
      6024
      5851
      5842
      5955
      5933
      6056
      5925
      5944
      5883
      5923
      5986
      5967
      5887
      6077
      6053
      5887
      5915
      5974
      5880
      6024
      6039
      5816
      5940
      5856
      6017
      5729
      5987
      5790
      5878
      5971
      5768
      5760
      5721
      5884
      5956
      5857
      5794
      5929
      5810
      5899
      5935
      5904
      5917
      5848
      5846
      5717
      5851
      5893
      5935
      5896
      5886
      5929
      5944
      5723
      5935
      5943
      5762
      5960
      5854
      5693
      5777
      5831
      5829
      5871
      5834
      5792
      5848
      5819
      5771
      5822
      5896
      5985
      5897
      5752
      5807
      5819
      5840
      5845
      5817
      5862
      5869
      5877
      5710
      5819
      5804
      5757
      5817
      5868
      5811
      5778
      5840
      5927
      5874
      5852
      5911
      5914
      5841
      6027
      5928
      5861
      5929
      5931
      5875
      5949
      5839
      5934
      6011
      5868
      5753
      5913
      5831
      5815
      5913
      5708
      5897
      6017
      5803
      5907
      5930
      5929
      5963
      5787
      5753
      5878
      5999
      5883
      5879
      5997
      5883
      5858
      5832
      5868
      5978
      5809
      5801
      5923
      5915
      5937
      5856
      5749
      5796
      5953
      5927
      5862
      5895
      5824
      5810
      5782
      5777
      5925
      5774
      5841
      5852
      5739
      5915
      6029
      5877
      5982
      5904
      5864
      5800
      5864
      5879
      5851
      5847
      5864
      5961
      5882
      5948
      5840
      5890
      5800
      5832
      5871
      5975
      5881
      5711
      5821
      5897
      5991
      5782
      5962
      6030
      5843
      5892
      5873
      5854
      6050
      6000
      6128
      5989
      6043
      5980
      6033
      5921
      6062
      5995
      6239
      6050
      6240
      6110
      6012
      6118
      6141
      6086
      6055
      6060
      6201
      6123
      6148
      6120
      6074
      6109
      6157
      6096
      5972
      6123
      6166
      6012
      6030
      6099
      6111
      6150
      6028
      6092
      5985
      5940
      5983
      6129
      6113
      6073
      6071
      5960
      5868
      6110
      6303
      6097
      6034
      5980
      6052
      6040
      6033
      6375
      6010
      5988
      6059
      6032
      6095
      5965
      5940
      6153
      6225
      6169
      5926
      6248
      6105
      6137
      6086
      6058
      6181
      6119
      6212
      6052
      5949
      6135
      6100
      6087
      6180
      6073
      6238
      6053
      6220
      6192
      6316
      6097
      6197
      6170
      6208
      6155
      6180
      6292
      6140
      6235
      6202
      6203
      6170
      6170
      6200
      6122
      6247
      6160
      6257
      6066
      6159
      6320
      6148
      6167
      6173
      6287
      6118
      6196
      6370
      6451
      6232
      6201
      6145
      6161
      6308
      6394
      6142
      6173
      6230
      6228
      6207
      6322
      6250
      6195
      6312
      6112
      6237
      6269
      6209
      6250
      6316
      6352
      6239
      6246
      6184
      6342
      6298
      6406
      6426
      6264
      6222
      6401
      6236
      6337
      6322
      6350
      6230
      6517
      6338
      6491
      6341
      6447
      6374
      6505
      6455
      6383
      6431
      6278
      6521
      6389
      6478
      6398
      6343
      6429
      6404
      6410
      6346
      6367
      6543
      6504
      6510
      6467
      6398
      6358
      6506
      6565
      6628
      6523
      6481
      6532
      6615
      6722
      6575
      6552
      6628
      6677
      6492
      6650
      6621
      6548
      6537
      6595
      6570
      6733
      6622
      6608
      6767
      6539
      6731
      6514
      6715
      6626
      6674
      6737
      6654
      6766
      6671
      6755
      6622
      6636
      6649
      6841
      6747
      6568
      6766
      6841
      6812
      6745
      6717
      6920
      6795
      6740
      6843
      6953
      6827
      6894
      6879
      6918
      6910
      6930
      6994
      7107
      6832
      6929
      6932
      6886
      7013
      6913
      7056
      7059
      7208
      7101
      6900
      7050
      7099
      7090
      7098
      7197
      7174
      7197
      7189
      7124
      7073
      7232
      7300
      7136
      7160
      7366
      7294
      7213
      7160
      7143
      7225
      7318
      7277
      7231
      7250
      7447
      7321
      7277
      7311
      7288
      7471
      7400
      7362
      7443
      7302
      7480
      7300
      7231
      7409
      7393
      7200
      7361
      7172
      7240
      7477
      7442
      7432
      7491
      7359
      7368
      7303
      7432
      7416
      7431
      7291
      7558
      7625
      7622
      7448
      7599
      7430
      7548
      7526
      7426
      7651
      7528
      7531
      7613
      7680
      7572
      7497
      7463
      7746
      7526
      7606
      7693
      7581
      7693
      7820
      7564
      7670
      7729
      7710
      7780
      7750
      7757
      7780
      7747
      7741
      7733
      7787
      7781
      7906
      7771
      7938
      7908
      7879
      7847
      7960
      7803
      7862
      8038
      7818
      7856
      7784
      7747
      7971
      8036
      8003
      7948
      7905
      7951
      7895
      7927
      7940
      7898
      7890
      8003
      8078
      8068
      7869
      8010
      7925
      7898
      7930
      7787
      7937
      7982
      7941
      7970
      7758
      7811
      7921
      7760
      7759
      7871
      7758
      7772
      7636
      7598
      7601
      7669
      7613
      7585
      7430
      7440
      7327
      7378
      7433
      7342
      7427
      7333
      7291
      7127
      7228
      7118
      7064
      7210
      7070
      7017
      6876
      6762
      6833
      6675
      6655
      6675
      6701
      6537
      6589
      6600
      6493
      6387
      6377
      6365
      6381
      6274
      6218
      6055
      6085
      6031
      6098
      5970
      5901
      5940
      5867
      5794
      5751
      5782
      5641
      5803
      5504
      5717
      5590
      5595
      5569
      5631
      5518
      5577
      5454
      5403
      5317
      5395
      5288
      5436
      5158
      5282
      5203
      5151
      5221
      5215
      5266
      5244
      5071
      5088
      5086
      5005
      5052
      5009
      5038
      4975
      4901
      4963
      5193
      4963
      5034
      5036
      5095
      4885
      5014
      4877
      4953
      5012
      4920
      4964
      4910
      5070
      4943
      4884
      4948
      4984
      4977
      4806
      4956
      5091
      4879
      4907
      4962
      4848
      4992
      4878
      4874
      5009
      4732
      4759
      4784
      4826
      4894
      4881
      4851
      4832
      4845
      4825
      4847
      4853
      4796
      4973
      4913
      4922
      4793
      4829
      4839
      5036
      4825
      4893
      4875
      4834
      4853
      4978
      5079
      4884
      4986
      4864
      5046
      4970
      5121
      5020
      5042
      5241
      5050
      5271
      5242
      5444
      5293
      5411
      5446
      5471
      5548
      5703
      5869
      5967
      6089
      5895
      6106
      6186
      6344
      6650
      6794
      7002
      7035
      6999
      7463
      7577
      7865
      8015
      8190
      8378
      8732
      9189
      9230
      9581
      9858
     10249
     10527
     10671
     11183
     11474
     11761
     12035
     12663
     12910
     13467
     13729
     14301
     14540
     14916
     15320
     15794
     16124
     16772
     17098
     17760
     17923
     18547
     18871
     19437
     20148
     20204
     20769
     21094
     21355
     22231
     22450
     22490
     23182
     23419
     23942
     24044
     24337
     24781
     25089
     25643
     25545
     26016
     25910
     26198
     26489
     26781
     26595
     26562
     27001
     26987
     26964
     26788
     27063
     26995
     26761
     27099
     27089
     26596
     26400
     26220
     26104
     25989
     25690
     25106
     24775
     24604
     24311
     24000
     23694
     23100
     22805
     22500
     21695
     21556
     20924
     20297
     20105
     19792
     19266
     18732
     18315
     17914
     17072
     16793
     16054
     15795
     15049
     14630
     14211
     13826
     13236
     12809
     12113
     11888
     11555
     10931
     10624
     10037
      9691
      9400
      8849
      8658
      8243
      7822
      7480
      7166
      6820
      6630
      6180
      5912
      5683
      5423
      5145
      4998
      4698
      4414
      4437
      4152
      4137
      3892
      3815
      3598
      3621
      3483
      3341
      3292
      3342
      3121
      3186
      3151
      3144
      3084
      3204
      3126
      3167
      3175
      3364
      3357
      3425
      3511
      3541
      3874
      3812
      3954
      4042
      4295
      4400
      4512
      4731
      4923
      5139
      5376
      5671
      5786
      6021
      6188
      6453
      6589
      7029
      7351
      7511
      7819
      8299
      8503
      8924
      9196
      9530
      9879
     10186
     10399
     10963
     11139
     11586
     11825
     12436
     12735
     12942
     13287
     13952
     14216
     14345
     14838
     15382
     15789
     15856
     16158
     16543
     16745
     17114
     17515
     17816
     18181
     18428
     18742
     18987
     19315
     19308
     19644
     19932
     20320
     20443
     20167
     20643
     21045
     20768
     21208
     21143
     21321
     21025
     21430
     21113
     21315
     21323
     21314
     21277
     21203
     20975
     20911
     20527
     20370
     20644
     20385
     20315
     20215
     19598
     19532
     19426
     19154
     18730
     18536
     18594
     17839
     17511
     17646
     17042
     16688
     16373
     16069
     15823
     15247
     14755
     14713
     14319
     13901
     13541
     13449
     12891
     12399
     12084
     11849
     11187
     11132
     10624
     10080
      9780
      9723
      9155
      8825
      8575
      8140
      7800
      7645
      7258
      6920
      6741
      6337
      6143
      5924
      5484
      5343
      5216
      4799
      4622
      4458
      4248
      3960
      3623
      3542
      3413
      3166
      2961
      2775
      2687
      2518
      2312
      2234
      2074
      1972
      1992
      1763
      1614
      1483
      1422
      1363
      1283
      1140
      1157
      1035
       918
       919
       802
       776
       752
       664
       585
       558
       529
       462
       465
       402
       386
       376
       319
       312
       273
       268
       231
       203
       204
       194
       150
       162
       160
       142
       146
       114
       128
       108
        90
        76
        90
        77
        73
        59
        53
        71
        41
        50
        43
        48
        36
        32
        50
        26
        36
        40
        32
        34
        33
        24
        29
        32
        28
        37
        23
        25
        28
        29
        32
        26
        26
        28
        23
        24
        25
        21
        24
        21
        17
        27
        18
        27
        24
        24
        17
        19
        27
        18
        23
        22
        16
        24
        21
        28
        26
        28
        27
        27
        17
        24
        26
        16
        19
        20
        22
        21
        22
        22
        26
        16
        23
        18
        22
        32
        26
        29
        12
        19
        27
        10
        22
        22
        23
        26
        18
        23
        18
        25
        17
        27
        15
        23
        16
        18
        18
        18
        23
        22
        23
        21
        20
        17
        24
        22
        14
        24
        21
        23
        22
        18
        19
        25
        22
        30
        17
        22
        17
        25
        20
        20
        12
        25
        24
        22
        23
        22
        23
        21
        24
        19
        23
        16
        21
        16
        20
        17
        23
        21
        12
        21
        20
        17
        12
        17
        18
        18
        17
        14
        17
        18
        18
        11
        22
        18
        16
        20
        20
        16
        20
        20
        13
        24
        14
        16
        18
        18
        15
        24
        23
        16
        24
        15
        13
        19
        18
        18
        12
        18
        24
        18
        14
        21
        17
        17
        21
        20
        20
        27
        19
        16
        20
        19
        18
        17
         8
        20
        13
        16
        13
        18
        17
        12
        15
        14
        17
        29
        18
        20
        16
        18
        22
        28
        14
        12
        13
        23
        22
        27
        14
        24
        18
        28
        24
        21
        12
        14
        21
        20
        17
        23
        11
        21
        12
        12
        20
        18
        22
        17
        14
        15
        15
        25
        17
        18
        13
        16
        13
        18
        17
        22
        15
        17
        18
        20
        16
        22
        16
        14
        15
        16
        22
        18
        20
        18
        17
        19
        16
         9
        18
        10
        15
        16
        25
        16
        16
        21
        18
        21
        10
        20
        20
        21
        21
        22
        20
        17
        17
        18
        22
        11
        23
        16
        15
        15
        17
        16
        23
        20
        13
        23
        17
        22
        14
        21
        15
        15
        23
        18
        15
        23
        19
        18
        17
        20
        22
        11
        16
        19
        12
        20
        13
        16
        10
        14
        23
        19
        14
         9
        16
        13
        16
        16
        13
        13
        21
        19
        14
        22
        15
        22
        13
        26
        21
        20
        19
        22
        20
        18
         9
        19
        17
        22
         9
        14
        24
        18
        22
        19
        22
        25
        12
        13
        17
        11
        14
        12
        13
        13
        19
        13
        23
        20
        18
        16
        15
        21
        22
        20
        20
        21
        21
        15
        18
        14
        18
         9
        14
        17
        22
        21
        16
        11
        10
        20
        13
        18
        17
        16
        22
        17
        21
        13
        25
        15
         7
        17
        17
        18
        23
        16
        17
        14
        23
        19
        25
        17
        22
        13
        11
        18
         8
        22
        20
        13
        17
        18
        19
        13
         9
        18
        23
        21
        14
        14
        12
        20
        17
        20
        16
        16
        19
        15
        20
        20
        20
        19
        12
        16
        22
        21
        14
        17
        17
        11
        14
        14
        16
        12
        19
        21
        19
        12
        21
        23
        19
        19
        12
        15
        18
        16
        14
        19
        15
        14
        17
        15
        17
        18
        25
        12
        25
        20
        20
        26
        17
        22
        16
        18
        15
        16
        22
        13
        20
        18
        18
        23
        19
        20
        22
        19
        11
        14
        15
        14
        23
        20
        19
        15
        22
        22
        17
        23
        19
        17
        18
        25
        18
        18
        18
        26
        31
        26
        25
        21
        16
        13
        18
        15
        13
        16
        25
        20
        19
        20
        19
        17
        24
        17
        18
        26
        24
        17
        18
        18
        19
        21
        16
        24
        15
        15
        12
        26
        15
        15
        22
        20
        18
        23
        13
        30
        18
        17
        24
        13
        20
        22
        25
        19
        18
        24
        16
        19
        28
        23
        18
        14
        12
        13
        22
        10
        14
        26
        19
        26
        14
        20
        19
        16
        16
        18
        12
        15
        10
        19
        18
        22
        18
        15
        21
        20
        17
        11
        14
        15
         9
        12
        13
        18
        17
        14
        20
        15
        11
        15
        16
        19
        17
        18
        11
        18
        13
        15
        15
        12
        19
        17
        19
        16
        15
        15
        16
        16
        21
        19
        14
        13
         9
        22
        14
        16
        16
        14
         9
        22
        16
        16
        12
        16
        13
        13
        14
        16
        18
        15
        15
        12
        18
        16
        17
        19
        13
        14
        30
        19
        16
        16
        19
        13
        22
        24
        16
        16
        16
        16
        13
        15
        20
        16
        22
        13
        17
        15
        14
        17
        10
        16
        11
        23
        21
        20
        14
        10
        18
        20
        12
        15
        20
        11
        18
        15
        20
        16
        12
        13
        16
        20
        11
        19
        14
        16
        13
        15
        15
        16
        15
        15
        23
        20
        13
        13
        18
        11
        16
        19
        15
        16
        17
        22
        19
        18
        13
        11
        27
        15
        18
        24
        20
        18
        17
        16
        11
        22
        15
        23
        14
        16
        14
        12
        21
        22
        13
        16
        17
        11
        15
        15
        28
        16
        19
        11
        19
        12
        21
        16
        27
        21
        15
        13
        19
        14
        17
        19
        17
        17
        15
        18
        18
        14
        24
        22
        16
        18
        19
        18
        20
        17
        26
        25
        22
        21
        19
        13
        21
        17
        25
        12
        18
        12
        20
        13
        18
        14
         8
        27
        18
        14
        20
         6
        22
        13
        15
        14
        18
        22
        18
        17
        15
        22
        15
        24
        20
        17
        20
        13
        15
        19
        17
        18
        15
        11
        17
        11
        13
         5
        18
        20
        13
        15
        10
        14
        10
        11
        12
        13
        10
        20
        16
        13
        10
         8
         8
        12
        11
         8
        11
        10
        12
         7
        16
        11
        11
         8
        14
         7
        19
        14
         9
        11
        10
        12
        10
         9
         8
        16
         9
        17
        10
         7
        11
         7
         5
         4
         8
         8
         7
         8
         6
        11
         4
         9
         9
         6
        14
         8
         7
         7
         4
         7
         7
         9
         5
         7
         6
         7
         6
         7
        13
         8
         5
         5
         3
         8
        10
         4
         1
         5
         6
         3
         6
         6
        14
         2
         6
         3
         1
         6
         4
        11
         4
         3
         5
         6
         8
         4
         6
         7
         3
         7
         6
         6
         1
         4
         2
         6
         4
         4
        12
         9
         7
         6
         6
         4
         8
         7
        11
         7
         5
        11
         7
         9
         5
         9
         6
         8
         8
         8
         8
        11
         9
        14
         8
        18
        11
        11
        17
        11
        15
        15
        13
        13
        18
         9
        16
        15
        12
         9
        14
        12
         8
        13
        24
        13
        19
        14
        11
        19
        15
        22
        14
        20
        13
        19
        21
        18
        17
        15
        16
        17
        15
        18
        34
        28
        17
        31
        17
        21
        20
        30
        19
        23
        27
        30
        20
        25
        34
        36
        32
        25
        24
        27
        22
        26
        29
        28
        31
        33
        24
        28
        29
        23
        29
        40
        31
        18
        34
        25
        23
        32
        29
        39
        32
        33
        27
        20
        32
        32
        19
        34
        41
        23
        34
        29
        29
        23
        25
        27
        25
        25
        30
        26
        35
        26
        26
        31
        32
        33
        27
        20
        31
        27
        30
        39
        25
        24
        27
        21
        20
        31
        22
        28
        20
        15
        20
        16
        22
        16
        28
        17
        18
        22
        15
        21
        11
        15
        17
        16
        20
        16
        19
        15
        22
        15
        14
        19
        12
        12
        15
        15
         7
        11
        13
         6
        14
         9
        10
        15
        10
        11
        11
        11
        10
        10
        14
        16
         5
        11
         8
        10
        13
         5
         9
        10
         7
         8
        10
         4
         5
         4
         3
         2
         4
         8
         7
         3
         5
         1
         1
         2
         6
         2
         3
         1
         2
         2
         1
         2
         3
         0
         3
         1
         5
         3
         3
         4
         0
         1
         2
         1
         2
         3
         1
         2
         2
         0
         1
         1
         1
         1
         0
         0
         0
         0
         1
         0
         1
         2
         0
         0
         0
         1
         0
         0
         0
         0
         0
         0
         0
         0
         0
         0
         0
         0
         0
         0
         1
         0
         0
         0
         0
         0
         0
         0
         0
         0
         0
         0
         0
         0
         0
         0
         0
         0
         0
         0
         0
         0
         0
         0
         0
         0
         0
         1
         1
         0
         0
         0
         0
         0
         0
         0
         0
         0
         0
         0
         0
         0
         0
         0
         0
         0
         0
         0
         0
         0
         0
         0
         0
         0
         0
         0
         0
         0
         0
         0
         0
         0
         0
         0
         0
         0
         0
         0
         0
         0
         0
         0
         0
         0
         0
         0
         0
         0
         0
         0
         0
         0
         0
         0
         0
         0
         0
         0
         0
         0
         0
         0
         0
         0
         0
         0
         0
         0
         0
         0
         0
         0
         0
         0
         0
         0
         0
         0
         0
         0
         0
         0
         0
         0
         0
         0
         0
         0
         0
         0
         0
         0
         0
         0
         0
         0
         0
         0
         0
         0
         0
         0
         0
         0
         0
         0
         0
         0
         0
         0
         0
         0
         0
         0
         0
         0
         0
         0
         0
         0
         0
         0
         0
         0
         0
         0
         0
         0
         0
         0
         0
         0
         0
         0
         0
         0
         0
         0
         0
         0
         0
         0
         0
         0
         0
         0
         0
         0
         0
         0
         0
         0
         0
         0
         0
         0
         0
         0
         0
         0
         0
         0
         0
         0
         0
         0
         0
         0
         0
         0
         0
         0
         0
         0
         0
         0
         0
         0
         0
         0
         0
         0
         0
         0
         0
         0
         0
         0
         0
         0
         0
         0
         0
         0
         0
         0
         0
         0
         0
         0
         0
         0
         0
         0
         0
         0
         0
         0
         0
         0
         0
         0
         0
         0
         0
         0
         0
         0
         0
         0
         0
         0
         0
         0
         0
         0
         0
         0
         0
         0
         0
         0
         0
         0
         0
         0
         0
         0
         0
         0
         0
         0
         0
         0
         0
         0
         0
         0
         0
         0
         0
         0
         0
         0
         0
         0
         0
         0
         0
         0
         0
         0
         0
         0
         0
         0
         0
         0
         0
         0
         0
         0
         0
         0
         0
         0
         0
         0
         0
         0
         0
         0
         0
         0
         0
         0
         0
         0
         0
         0
         0
         0
         0
         0
         0
         0
         0
         0
         0
         0
         0
         0
         0
         0
