         0
         0
         0
         0
         0
         0
         0
         0
         0
         0
     14494
     14807
     14680
     15206
     15025
     15097
     15136
     15041
     15150
     15348
     15350
     15476
     14925
     15242
     15245
     15506
     15460
     15526
     15676
     15581
     15621
     15822
     15341
     15559
     15768
     15928
     15724
     15697
     15597
     15671
     15756
     15792
     15826
     15925
     15965
     15872
     15622
     15794
     15663
     15996
     15857
     15924
     15858
     15981
     15744
     15869
     15814
     15721
     15956
     15734
     16108
     15955
     16114
     16209
     15965
     16309
     16101
     16211
     16168
     16517
     16424
     16385
     16427
     16979
     16739
     16782
     16758
     17112
     17227
     16992
     17247
     17273
     17435
     17594
     17589
     17869
     17644
     17898
     18123
     18265
     18243
     18504
     18653
     18856
     18843
     19012
     19227
     19233
     19474
     19449
     19728
     19729
     20087
     20092
     20229
     20411
     20333
     20908
     20779
     21017
     21120
     21273
     21523
     21597
     21823
     21813
     22105
     22239
     22818
     22930
     22930
     23292
     23110
     23444
     23640
     24087
     23992
     24264
     24242
     24355
     24752
     24989
     25120
     25112
     25264
     25124
     25461
     25126
     25812
     25705
     25452
     25762
     25699
     26110
     25885
     25918
     26301
     26108
     26226
     25933
     25859
     26379
     26289
     26289
     26399
     26089
     26373
     26296
     26189
     26278
     26488
     26474
     26330
     26438
     26874
     26616
     26444
     26522
     26415
     26600
     26425
     26560
     26451
     26402
     26591
     26709
     26531
     26679
     26978
     26756
     26748
     26469
     26985
     27091
     26951
     26940
     26708
     27154
     27268
     27417
     27322
     27322
     27697
     27626
     27374
     27770
     27348
     28307
     28122
     28437
     28673
     28655
     28927
     29110
     29295
     30093
     30162
     30301
     30822
     30648
     31143
     31577
     31847
     31862
     32479
     32533
     32726
     33142
     32857
     33295
     33350
     33297
     33625
     33868
     33730
     33770
     34096
     33892
     33867
     33943
     33514
     33621
     33685
     33483
     33522
     33438
     33003
     33095
     32800
     32716
     32920
     32998
     32337
     32583
     32034
     32267
     32036
     32199
     31653
     31637
     31362
     31636
     31431
     31083
     30985
     31083
     31133
     30660
     30676
     30382
     30639
     30360
     30180
     30180
     30240
     29786
     29450
     29721
     29486
     29606
     29006
     29445
     29330
     28949
     29288
     28878
     28425
     28984
     28924
     28609
     28464
     28323
     28518
     28105
     27954
     28248
     27987
     27773
     27825
     27523
     27496
     27614
     27647
     27403
     27405
     27180
     27664
     27016
     27116
     27040
     26838
     26820
     26710
     26650
     26829
     26596
     26490
     26283
     26476
     26087
     26141
     26170
     25946
     25984
     25903
     25604
     25831
     25608
     25293
     25727
     25408
     25258
     25160
     25207
     24872
     25291
     24955
     24899
     24661
     24519
     24663
     24788
     24468
     24454
     24508
     24510
     24149
     24107
     24288
     24301
     24176
     23983
     23708
     23866
     23950
     23626
     23664
     23642
     23473
     23441
     23271
     23365
     23269
     23004
     22979
     23307
     22990
     23088
     22885
     22870
     22463
     22980
     22560
     22572
     22327
     22576
     22456
     22341
     22417
     22071
     22174
     22259
     22254
     22105
     22097
     22000
     22049
     22144
     21626
     21876
     21824
     21798
     21905
     21501
     21398
     21686
     21626
     21535
     21502
     21369
     21131
     21497
     21505
     21238
     20978
     21070
     21244
     20865
     20766
     21113
     20765
     20901
     21020
     20946
     20647
     21063
     20659
     20607
     20897
     20502
     20663
     20356
     20590
     20308
     20398
     20305
     20258
     20238
     20093
     20198
     20472
     20292
     19919
     20282
     19969
     19996
     20276
     20239
     20015
     19951
     19858
     19841
     19765
     19639
     19884
     19852
     19449
     19813
     19373
     19719
     19509
     19492
     19450
     19510
     19334
     19339
     19399
     19181
     19348
     19445
     19255
     18973
     19207
     19009
     19035
     19292
     19119
     18913
     19003
     19215
     18934
     19049
     18965
     18961
     18868
     19166
     19053
     18874
     18701
     19019
     18836
     18488
     18722
     18897
     18509
     18830
     18371
     18620
     18512
     18404
     18856
     18572
     18659
     18291
     18668
     18613
     18401
     18381
     18237
     18644
     18430
     18328
     18458
     18490
     18446
     18124
     18345
     18567
     18314
     18368
     18403
     18134
     18334
     18379
     18282
     18325
     18537
     18283
     18159
     17978
     18144
     18013
     17774
     18125
     17956
     18155
     18105
     18129
     17879
     17870
     17868
     18167
     17923
     17763
     18000
     17931
     17843
     17619
     17652
     17570
     17652
     17639
     17501
     17584
     17851
     17394
     17709
     17486
     17460
     17597
     17577
     17282
     17376
     17597
     17507
     17120
     17400
     17353
     17195
     17435
     17064
     17401
     17188
     17184
     17213
     17089
     17100
     17381
     17040
     17069
     16858
     16805
     17356
     17217
     17047
     16918
     16981
     16999
     16927
     17021
     16802
     16948
     16790
     16884
     16850
     17087
     16823
     17135
     16784
     16627
     16790
     17009
     16723
     16659
     16893
     16872
     16840
     16718
     16658
     16514
     16533
     16916
     16608
     16410
     16646
     16506
     16546
     16445
     16739
     16539
     16912
     16557
     16637
     16472
     16723
     16509
     16476
     16552
     16583
     16273
     16509
     16484
     16655
     16718
     16470
     16654
     16401
     16276
     16341
     16473
     16377
     16415
     16196
     16382
     16397
     16665
     16495
     16617
     16501
     16539
     16460
     16467
     16515
     16372
     16377
     16345
     16362
     16495
     16521
     16347
     16260
     16481
     16616
     16409
     16565
     16351
     16590
     16361
     16283
     16232
     16237
     16514
     16210
     16223
     16567
     16497
     16340
     16117
     16486
     16395
     16240
     16342
     16265
     16434
     16338
     16372
     16224
     16355
     16416
     16409
     16467
     16167
     16493
     16221
     16233
     16071
     16364
     16008
     16305
     16185
     16366
     16272
     16147
     16427
     16389
     16386
     16236
     16119
     16254
     16328
     16297
     16103
     16112
     16126
     16298
     16127
     16215
     16229
     16060
     16086
     16040
     16391
     16179
     16353
     16135
     15949
     16265
     16225
     15867
     16327
     16177
     16235
     16142
     15955
     16262
     16196
     16054
     16154
     16230
     16019
     15873
     16126
     16422
     16157
     16157
     16109
     16177
     15927
     16056
     16175
     16317
     16091
     16281
     16014
     16157
     16137
     16035
     15952
     16100
     16102
     16102
     16065
     16337
     16389
     16105
     16060
     16119
     16132
     16057
     16166
     16160
     16250
     16192
     16100
     16040
     16274
     16304
     16217
     16006
     16368
     16103
     16301
     16307
     16287
     16149
     16278
     16261
     16268
     16288
     16356
     16213
     16334
     16215
     16289
     16209
     16311
     16474
     16224
     16257
     16337
     16254
     16331
     16175
     16417
     16420
     16481
     16732
     16132
     16396
     16371
     16579
     16540
     16356
     16535
     16506
     16359
     16630
     16506
     16440
     16504
     16517
     16618
     16639
     16746
     16585
     16891
     16788
     16549
     16813
     16830
     16953
     16812
     16705
     16826
     16708
     16791
     16555
     16554
     16799
     16992
     16957
     16851
     16757
     16717
     16743
     16899
     17012
     16772
     16727
     16783
     16634
     17029
     16906
     16876
     16912
     17024
     16932
     16706
     16918
     16951
     17119
     16785
     17140
     17012
     17062
     16930
     16746
     17122
     16963
     16933
     17267
     16997
     16733
     17063
     16929
     17046
     17040
     17024
     17247
     17197
     17080
     17147
     16967
     17210
     16981
     17267
     17079
     16939
     17006
     17227
     16994
     17280
     17229
     17235
     17244
     17195
     17226
     16861
     17060
     17158
     17169
     17338
     17114
     17417
     17374
     17494
     17184
     17073
     17469
     17286
     17527
     17091
     17382
     17232
     17778
     17408
     17210
     17590
     17355
     17527
     17715
     17237
     17511
     17529
     17542
     17478
     17574
     17548
     17626
     17685
     17297
     17533
     17621
     17618
     17449
     17436
     17442
     17388
     17499
     17591
     17414
     17283
     17421
     17385
     17354
     17211
     17226
     17278
     17290
     17331
     17213
     17046
     17046
     17092
     17114
     16826
     17062
     17028
     16823
     16994
     16609
     16654
     16791
     16862
     16436
     16386
     16448
     16153
     16261
     16397
     16010
     16239
     15907
     15724
     15890
     15789
     15753
     15604
     15571
     15442
     15517
     15261
     15349
     15180
     15011
     14779
     14871
     14734
     14724
     14628
     14510
     14310
     14280
     14362
     14286
     14165
     14180
     13823
     13969
     13789
     13701
     13782
     13663
     13564
     13357
     13647
     13333
     13401
     13128
     13215
     12916
     12959
     12911
     12910
     12861
     12697
     12563
     12694
     12672
     12706
     12486
     12466
     12492
     12500
     12249
     12270
     12363
     12141
     12210
     11994
     11989
     12126
     11934
     11922
     11856
     11824
     11946
     11695
     11883
     11892
     11894
     11878
     11721
     11776
     11776
     11682
     11628
     11650
     11592
     11476
     11627
     11472
     11362
     11460
     11695
     11378
     11607
     11522
     11475
     11585
     11313
     11601
     11363
     11296
     11378
     11548
     11457
     11455
     11187
     11340
     11463
     11271
     11369
     11115
     11368
     11391
     11229
     11177
     11300
     11231
     11280
     11241
     11212
     11280
     11326
     11328
     11393
     11073
     11266
     11156
     11406
     11311
     11165
     11273
     11184
     11270
     11320
     11249
     11375
     11288
     11351
     11310
     11370
     11580
     11416
     11582
     11684
     11416
     11731
     11734
     11565
     11777
     11994
     11968
     12090
     12327
     12408
     12613
     12491
     13009
     12907
     13121
     13219
     13373
     13866
     14065
     14089
     14600
     14955
     14927
     15507
     15558
     16126
     16316
     16983
     17236
     17796
     18130
     18480
     18862
     19741
     20173
     20796
     21311
     21788
     22534
     23060
     23447
     24358
     25011
     25845
     26450
     26859
     27946
     28809
     29412
     30023
     30661
     31406
     32414
     32885
     34021
     35060
     35515
     36100
     37129
     37726
     38388
     39342
     40002
     40778
     41226
     42124
     42977
     43172
     44531
     44418
     45532
     45613
     45971
     46617
     47127
     47677
     47563
     48181
     48041
     48752
     48639
     49002
     49092
     49365
     49265
     49723
     49055
     49108
     49072
     48815
     48996
     48583
     48094
     47702
     47414
     46872
     46495
     45893
     45563
     45070
     44283
     43640
     42893
     42177
     41540
     40762
     40019
     38914
     38557
     37396
     37064
     35781
     34858
     34208
     33123
     32125
     31427
     30469
     29634
     28929
     27882
     26779
     26211
     25406
     24408
     23686
     22818
     21992
     21127
     20323
     19666
     18968
     18134
     17446
     16684
     16319
     15566
     14749
     14087
     13695
     13062
     12482
     11905
     11395
     10937
     10627
     10032
      9778
      9386
      9238
      8735
      8321
      8069
      7894
      7540
      7426
      7203
      7123
      6702
      6701
      6590
      6522
      6563
      6609
      6453
      6336
      6439
      6616
      6552
      6621
      6691
      6948
      6981
      7182
      7302
      7442
      7666
      8023
      8209
      8731
      8835
      9121
      9442
      9793
     10196
     10425
     10913
     11213
     12024
     12257
     12814
     13224
     13719
     14123
     14526
     15207
     15828
     16215
     17062
     17602
     18002
     18618
     19171
     20043
     20875
     21083
     21733
     22407
     23405
     23938
     24130
     24978
     25712
     26210
     26974
     27549
     28224
     28773
     29631
     30034
     30532
     31521
     31738
     32290
     33298
     33911
     34161
     34728
     35197
     35415
     36053
     36047
     36253
     37177
     37090
     37517
     37801
     38087
     38667
     38478
     38536
     38958
     38866
     38799
     38836
     38580
     38971
     38475
     38761
     38954
     38747
     38118
     38327
     37853
     37514
     37001
     36841
     36726
     36129
     35822
     35611
     34963
     34376
     33995
     33342
     32779
     32085
     31628
     31130
     30368
     30070
     29317
     28788
     28206
     27220
     26625
     26350
     25257
     24654
     23822
     23559
     22676
     21779
     21499
     20712
     19985
     19514
     18791
     17893
     17405
     16952
     16166
     15381
     15044
     14240
     13748
     13168
     12547
     11972
     11356
     11096
     10497
     10118
      9782
      9189
      8908
      8360
      7929
      7593
      7133
      6752
      6493
      6041
      5608
      5265
      5194
      4743
      4555
      4232
      4105
      3865
      3731
      3253
      3156
      3077
      2829
      2642
      2413
      2261
      2145
      1955
      1923
      1794
      1691
      1521
      1414
      1312
      1187
      1116
      1081
       971
       885
       841
       770
       711
       722
       622
       570
       538
       538
       464
       395
       408
       359
       366
       313
       289
       288
       261
       213
       229
       194
       200
       175
       178
       172
       147
       148
       150
       126
       135
       128
       107
       126
       114
        96
        91
        92
        78
        69
        79
        76
        73
        72
        77
        75
        67
        77
        61
        60
        74
        80
        60
        75
        56
        71
        72
        71
        58
        75
        50
        56
        60
        73
        50
        70
        63
        55
        69
        71
        61
        62
        58
        56
        56
        48
        57
        57
        66
        66
        59
        57
        58
        59
        51
        58
        50
        50
        46
        40
        64
        63
        57
        57
        65
        67
        61
        47
        63
        57
        58
        59
        45
        61
        71
        58
        62
        62
        60
        56
        54
        70
        56
        62
        59
        73
        64
        62
        74
        54
        69
        49
        60
        57
        63
        52
        63
        70
        53
        56
        53
        41
        48
        58
        51
        50
        64
        60
        54
        66
        59
        55
        56
        47
        59
        50
        55
        55
        52
        48
        45
        55
        50
        57
        53
        51
        73
        50
        57
        58
        53
        54
        54
        43
        55
        51
        59
        65
        52
        50
        61
        49
        46
        54
        46
        46
        55
        44
        34
        50
        51
        55
        48
        48
        36
        48
        43
        40
        60
        42
        53
        47
        66
        46
        50
        55
        44
        48
        58
        48
        40
        57
        53
        57
        60
        55
        54
        42
        60
        45
        46
        46
        51
        51
        51
        68
        54
        42
        51
        44
        53
        63
        53
        47
        41
        42
        48
        60
        49
        48
        35
        56
        50
        46
        48
        48
        49
        41
        45
        38
        58
        49
        52
        51
        40
        50
        43
        46
        43
        50
        38
        35
        49
        42
        50
        47
        43
        46
        46
        39
        44
        46
        48
        46
        48
        40
        48
        42
        32
        34
        44
        31
        42
        42
        44
        44
        39
        45
        36
        37
        43
        50
        42
        42
        45
        39
        45
        48
        45
        35
        43
        64
        42
        43
        56
        31
        40
        34
        41
        48
        38
        42
        50
        33
        34
        42
        44
        39
        42
        49
        51
        40
        48
        34
        46
        39
        38
        31
        28
        41
        42
        35
        39
        47
        39
        34
        37
        36
        31
        38
        37
        32
        52
        42
        46
        49
        35
        49
        53
        33
        40
        29
        39
        34
        31
        32
        30
        27
        45
        36
        47
        38
        36
        30
        41
        37
        25
        40
        29
        39
        37
        30
        34
        34
        36
        53
        35
        41
        37
        39
        39
        28
        37
        29
        50
        40
        38
        35
        34
        43
        32
        40
        32
        32
        39
        32
        37
        33
        45
        43
        43
        35
        44
        31
        35
        42
        35
        30
        40
        31
        30
        33
        51
        33
        35
        37
        36
        38
        31
        42
        28
        47
        39
        38
        47
        37
        35
        25
        28
        35
        35
        34
        32
        36
        42
        39
        38
        40
        37
        37
        36
        40
        34
        35
        37
        50
        31
        31
        30
        34
        30
        35
        38
        25
        25
        25
        31
        37
        40
        44
        33
        37
        32
        28
        32
        40
        29
        31
        30
        28
        33
        37
        35
        36
        40
        35
        28
        37
        42
        36
        33
        32
        38
        45
        33
        26
        27
        40
        29
        27
        30
        34
        36
        38
        26
        25
        26
        27
        31
        29
        31
        29
        34
        37
        31
        36
        34
        29
        32
        26
        24
        33
        23
        27
        31
        19
        30
        20
        31
        23
        33
        27
        26
        37
        35
        26
        35
        28
        28
        30
        48
        31
        30
        18
        33
        23
        28
        36
        37
        39
        31
        31
        32
        28
        34
        24
        29
        44
        26
        32
        32
        34
        32
        27
        31
        27
        34
        34
        23
        37
        31
        19
        24
        26
        22
        23
        24
        27
        40
        31
        36
        27
        30
        31
        22
        50
        33
        37
        26
        20
        29
        26
        33
        31
        19
        22
        35
        33
        33
        30
        39
        26
        34
        16
        32
        36
        28
        29
        32
        34
        27
        28
        30
        33
        38
        24
        32
        26
        30
        31
        34
        26
        30
        29
        39
        35
        27
        30
        24
        36
        29
        30
        21
        35
        35
        19
        23
        25
        30
        26
        38
        25
        28
        43
        41
        27
        30
        27
        28
        30
        29
        25
        15
        29
        30
        35
        30
        24
        16
        26
        30
        22
        26
        26
        26
        25
        33
        15
        30
        31
        32
        38
        31
        23
        30
        41
        28
        29
        23
        30
        35
        22
        23
        32
        27
        24
        31
        22
        18
        29
        21
        24
        27
        22
        22
        22
        32
        30
        17
        26
        39
        31
        24
        19
        29
        37
        20
        24
        34
        25
        27
        24
        33
        27
        20
        21
        21
        27
        30
        10
        29
        19
        33
        29
        29
        23
        24
        30
        29
        28
        27
        22
        19
        29
        25
        23
        22
        30
        24
        26
        34
        33
        20
        25
        28
        35
        27
        25
        27
        27
        24
        29
        33
        33
        19
        29
        25
        32
        34
        30
        19
        33
        22
        27
        31
        33
        32
        23
        25
        33
        30
        28
        16
        32
        24
        22
        23
        29
        38
        28
        30
        28
        27
        19
        22
        26
        29
        15
        35
        22
        27
        28
        38
        27
        29
        25
        20
        21
        19
        30
        25
        20
        21
        26
        27
        27
        25
        22
        28
        22
        25
        38
        27
        16
        22
        32
        29
        30
        31
        24
        31
        25
        23
        23
        18
        26
        22
        30
        29
        16
        29
        25
        15
        30
        19
        34
        23
        28
        23
        30
        36
        21
        26
        29
        26
        27
        21
        18
        23
        25
        21
        24
        21
        15
        14
        21
        15
        21
        21
        26
        30
        25
        22
        22
        27
        19
        23
        14
        25
        23
        24
        23
        25
        25
        25
        15
        22
        22
        23
        27
        23
        14
        25
        19
        25
        19
        15
        25
        16
        19
        18
        17
        13
        17
        12
        26
        22
        15
        16
        12
        11
        19
        23
        22
        18
        15
        15
        21
        20
        15
        18
        11
         8
        16
        13
        18
        15
        14
        13
        17
        12
         7
        15
        13
        16
        12
        20
        16
        12
        19
        16
        17
        16
        11
         4
        10
        12
         8
        11
        11
        13
         7
        11
         8
        16
        11
        11
        10
        10
        13
         8
        12
         7
         7
         6
         8
         3
        11
        11
        13
         9
         6
        10
         7
        12
        15
        12
         6
         3
         9
         7
         7
        12
         6
        10
        12
        10
        13
        13
         9
         7
        17
         7
         4
         4
         7
        11
        11
         7
         6
         4
         9
         9
        12
        14
         9
        17
        11
         9
        11
         7
        13
        10
        10
        12
        14
        10
        11
         9
        12
        11
        17
        18
        10
        13
        10
        13
        24
        22
        14
        14
        14
        19
        12
        18
        14
        16
        17
        14
        13
        28
        20
        22
        27
        23
        14
        34
        27
        22
        30
        30
        18
        22
        27
        35
        22
        34
        24
        33
        26
        30
        25
        28
        28
        35
        24
        24
        34
        25
        27
        27
        38
        37
        36
        27
        26
        29
        36
        33
        44
        29
        46
        42
        38
        33
        40
        42
        34
        50
        40
        37
        46
        38
        30
        36
        39
        45
        35
        42
        48
        52
        44
        50
        29
        46
        39
        39
        47
        41
        35
        26
        43
        48
        42
        39
        48
        48
        39
        48
        45
        41
        47
        45
        34
        41
        44
        38
        40
        38
        45
        43
        32
        37
        34
        40
        42
        37
        34
        34
        40
        28
        37
        37
        32
        26
        30
        27
        34
        25
        36
        27
        27
        33
        29
        21
        28
        21
        15
        25
        25
        22
        24
        25
        16
        21
        23
        20
        27
        21
        13
        19
        18
        18
        20
        18
        16
        15
        17
        16
        12
        15
        14
         8
        10
        14
        13
        12
        21
         6
        12
         9
         6
        15
        13
        11
         9
        11
        11
         5
         6
         7
         7
         6
        10
         5
        10
         6
         2
         4
         5
         7
         7
         5
         6
         5
         4
         2
         7
         5
         2
         5
         1
         4
         0
         4
         3
         1
         4
         3
         3
         0
         2
         1
         2
         4
         1
         1
         1
         1
         1
         1
         1
         1
         2
         1
         1
         0
         3
         1
         0
         0
         0
         0
         0
         0
         0
         0
         0
         0
         0
         0
         0
         0
         0
         0
         0
         0
         0
         1
         0
         0
         0
         0
         0
         0
         0
         0
         0
         0
         0
         1
         0
         0
         0
         0
         0
         0
         0
         0
         0
         0
         0
         0
         0
         0
         0
         0
         0
         0
         0
         0
         0
         0
         1
         0
         0
         0
         0
         0
         0
         0
         0
         0
         0
         0
         0
         0
         0
         0
         0
         0
         0
         0
         0
         0
         0
         0
         0
         0
         0
         0
         0
         0
         0
         0
         0
         0
         0
         0
         0
         0
         0
         0
         0
         0
         0
         0
         0
         0
         0
         0
         0
         0
         0
         0
         0
         0
         0
         0
         0
         0
         0
         0
         0
         0
         0
         0
         0
         0
         0
         0
         0
         0
         0
         0
         0
         0
         0
         0
         0
         0
         0
         0
         0
         0
         0
         0
         0
         0
         0
         0
         0
         0
         0
         0
         0
         0
         0
         0
         0
         0
         0
         0
         0
         0
         0
         0
         0
         0
         0
         0
         0
         0
         0
         0
         0
         0
         0
         0
         0
         0
         0
         0
         0
         0
         0
         0
         0
         0
         0
         0
         0
         0
         0
         0
         0
         0
         0
         0
         0
         0
         0
         0
         0
         0
         0
         0
         0
         0
         0
         0
         0
         0
         0
         0
         0
         0
         0
         0
         0
         0
         0
         0
         0
         0
         0
         0
         0
         0
         0
         0
         0
         0
         0
         0
         0
         0
         0
         0
         0
         0
         0
         0
         0
         0
         0
         0
         0
         0
         0
         0
         0
         0
         0
         0
         0
         0
         0
         0
         0
         0
         0
         0
         0
         0
         0
         0
         0
         0
         0
         0
         0
         0
         0
         0
         0
         0
         0
         0
         0
         0
         0
         0
         0
         0
         0
         0
         0
         0
         0
         0
         0
         0
         0
         0
         0
         0
         0
         0
         0
         0
         0
         0
         0
         0
         0
         0
         0
         0
         0
         0
         0
         0
         0
         0
         0
         0
         0
         0
         0
         0
         0
         0
         0
         0
         0
         0
         0
         0
         0
         0
         0
         0
         0
         0
         0
         0
         0
         0
         0
         0
         0
         0
         0
         0
         0
         0
         0
         0
         0
         0
         0
         0
         0
         0
         0
         0
         0
         0
         0
         0
         0
