         0
         0
         0
         0
         0
         0
         0
         0
         0
         0
      3008
      3106
      3122
      3181
      3174
      3124
      3156
      3183
      3193
      3223
      3249
      3225
      3213
      3286
      3274
      3240
      3180
      3221
      3271
      3266
      3174
      3410
      3289
      3240
      3377
      3359
      3445
      3460
      3296
      3386
      3418
      3313
      3417
      3425
      3434
      3459
      3471
      3416
      3294
      3343
      3380
      3408
      3475
      3365
      3413
      3431
      3458
      3464
      3563
      3448
      3413
      3436
      3546
      3537
      3486
      3525
      3553
      3656
      3586
      3552
      3704
      3728
      3761
      3772
      3811
      3749
      3875
      3938
      4019
      4051
      3984
      3902
      4052
      4185
      4378
      4306
      4430
      4290
      4477
      4607
      4652
      4644
      4862
      4819
      4999
      5087
      5245
      5145
      5303
      5435
      5421
      5613
      5668
      5794
      5787
      5922
      5975
      6200
      6194
      6489
      6436
      6716
      6561
      6624
      6877
      6947
      7089
      7055
      7256
      7272
      7496
      7664
      7503
      7704
      7750
      7611
      7849
      7912
      7981
      8023
      8203
      8115
      8313
      8235
      8420
      8391
      8474
      8461
      8615
      8577
      8706
      8752
      8829
      8791
      8958
      8808
      8961
      9059
      9046
      9221
      9146
      9117
      9294
      9167
      9113
      9327
      9291
      9414
      9206
      9238
      9408
      9460
      9563
      9621
      9733
      9653
      9547
      9652
      9732
      9630
      9789
      9937
      9830
      9895
      9662
      9868
      9965
      9964
     10064
      9976
     10019
     10070
     10047
     10052
     10227
      9996
     10338
     10404
     10389
     10250
     10386
     10155
     10361
     10491
     10289
     10305
     10281
     10230
     10214
     10515
     10226
     10216
     10142
     10163
     10219
     10135
     10071
     10082
     10031
      9909
     10096
     10135
      9995
     10035
      9813
      9854
      9622
      9689
      9825
      9778
      9739
      9686
      9622
      9558
      9648
      9614
      9720
      9530
      9534
      9583
      9368
      9532
      9179
      9411
      9445
      9516
      9305
      9433
      9291
      9367
      9205
      9060
      9157
      9016
      9136
      8996
      9196
      9075
      9093
      9092
      8979
      8989
      8947
      8895
      8900
      8831
      8962
      8971
      8851
      8815
      8793
      8779
      8711
      8826
      8599
      8593
      8589
      8605
      8597
      8570
      8658
      8478
      8360
      8498
      8589
      8625
      8457
      8331
      8411
      8483
      8342
      8341
      8434
      8264
      8241
      8312
      8305
      8137
      8238
      8286
      8085
      8130
      8132
      8057
      7897
      7944
      7961
      7982
      7863
      7870
      7962
      7868
      7815
      7736
      7656
      7702
      7856
      7759
      7849
      7714
      7566
      7676
      7629
      7797
      7714
      7587
      7411
      7789
      7494
      7494
      7436
      7489
      7468
      7393
      7462
      7306
      7440
      7280
      7207
      7194
      7177
      7320
      7223
      7211
      7216
      7044
      7113
      7096
      7107
      7119
      7012
      7124
      7019
      6921
      6937
      6914
      7093
      7008
      7095
      6814
      6868
      6726
      6988
      6771
      6843
      6649
      6701
      6574
      6808
      6709
      6683
      6531
      6612
      6672
      6623
      6611
      6597
      6501
      6399
      6569
      6336
      6327
      6570
      6264
      6254
      6261
      6349
      6234
      6408
      6400
      6251
      6267
      6469
      6217
      6282
      6202
      6164
      6102
      6109
      6011
      6082
      6143
      6200
      6060
      6084
      6039
      6096
      5897
      6084
      5891
      6053
      6040
      5769
      6015
      5943
      6010
      6025
      5794
      5749
      5840
      5931
      5827
      6018
      5910
      5921
      5778
      5796
      5899
      5882
      5821
      5890
      5715
      5788
      5771
      5737
      5832
      5697
      5641
      5723
      5540
      5621
      5597
      5664
      5676
      5504
      5701
      5480
      5561
      5616
      5599
      5566
      5496
      5443
      5480
      5527
      5306
      5503
      5335
      5545
      5438
      5424
      5460
      5402
      5320
      5366
      5325
      5343
      5248
      5188
      5188
      5209
      5135
      5142
      5138
      5040
      4994
      5017
      5023
      4988
      4779
      4873
      4839
      4807
      4919
      4723
      4645
      4695
      4758
      4609
      4439
      4549
      4425
      4402
      4393
      4513
      4357
      4364
      4279
      4358
      4279
      4303
      4279
      4047
      4094
      4135
      4054
      4028
      4076
      4071
      3963
      3931
      3969
      3965
      3899
      3837
      3848
      3882
      3764
      3775
      3764
      3864
      3727
      3784
      3723
      3723
      3760
      3697
      3706
      3638
      3567
      3635
      3648
      3579
      3633
      3547
      3529
      3555
      3520
      3531
      3539
      3600
      3464
      3416
      3558
      3349
      3533
      3401
      3456
      3434
      3376
      3572
      3407
      3359
      3450
      3558
      3340
      3425
      3454
      3356
      3342
      3424
      3339
      3354
      3276
      3243
      3297
      3187
      3388
      3188
      3302
      3363
      3277
      3229
      3185
      3256
      3184
      3261
      3252
      3219
      3276
      3197
      3143
      3106
      3263
      3280
      3270
      3243
      3224
      3142
      3254
      3175
      3152
      3186
      3085
      3024
      3175
      3154
      3182
      3144
      3315
      3131
      3111
      3158
      3225
      3164
      3152
      3060
      3174
      3107
      3272
      3215
      3209
      3299
      3272
      3393
      3414
      3371
      3431
      3631
      3620
      3553
      3823
      3806
      4020
      4117
      4115
      4288
      4526
      4475
      4713
      4973
      5136
      5273
      5453
      5610
      5890
      6152
      6303
      6600
      6912
      7284
      7489
      7818
      8108
      8513
      8746
      9192
      9398
      9752
     10138
     10646
     10825
     11263
     11540
     11920
     11975
     12466
     12510
     12946
     13027
     13652
     13467
     13995
     14306
     14245
     14505
     14525
     14748
     14906
     14696
     14746
     14474
     14704
     14631
     14519
     14104
     14158
     13927
     13616
     13371
     13135
     12748
     12520
     12359
     11861
     11315
     10968
     10821
     10261
      9784
      9491
      9224
      8740
      8217
      7754
      7376
      6954
      6614
      6279
      5897
      5360
      5283
      4751
      4471
      4160
      3763
      3544
      3385
      3060
      2894
      2656
      2351
      2199
      1920
      1806
      1657
      1433
      1348
      1181
      1089
       978
       889
       781
       667
       598
       515
       479
       432
       387
       315
       301
       262
       215
       196
       148
       147
       119
       103
       101
        92
        69
        52
        43
        47
        45
        22
        25
        26
        28
         9
        18
        13
        12
        11
         6
         4
         5
         6
         0
         3
         2
         1
         1
         1
         2
         1
         0
         1
         0
         0
         0
         0
         0
         0
         0
         0
         0
         0
         1
         0
         0
         0
         0
         0
         0
         0
         0
         0
         0
         1
         0
         0
         0
         0
         0
         0
         0
         0
         0
         0
         0
         0
         0
         0
         0
         0
         0
         0
         0
         0
         0
         0
         0
         0
         0
         0
         0
         0
         0
         0
         0
         0
         0
         0
         0
         0
         0
         0
         0
         0
         0
         0
         0
         0
         0
         0
         0
         0
         0
         0
         0
         0
         0
         0
         0
         0
         0
         0
         0
         0
         0
         0
         0
         0
         0
         0
         0
         0
         0
         0
         0
         0
         0
         0
         0
         0
         0
         0
         0
         0
         0
         0
         0
         0
         0
         0
         0
         0
         0
         0
         0
         0
         0
         0
         0
         0
         0
         0
         0
         0
         0
         0
         0
         0
         0
         0
         0
         0
         0
         0
         0
         0
         0
         0
         0
         0
         0
         0
         0
         0
         0
         0
         0
         0
         0
         0
         0
         0
         0
         0
         0
         0
         0
         0
         0
         0
         0
         0
         0
         0
         0
         0
         0
         0
         0
         0
         0
         0
         0
         0
         0
         0
         0
         0
         0
         0
         0
         0
         0
         0
         0
         0
         0
         0
         0
         0
         0
         0
         0
         0
         0
         0
         0
         0
         0
         0
         0
         0
         0
         0
         0
         0
         0
         0
         0
         0
         0
         0
         0
         0
         0
         0
         0
         0
         0
         0
         0
         0
         0
         0
         0
         0
         0
         0
         0
         0
         0
         0
         0
         0
         0
         0
         0
         0
         0
         0
         0
         0
         0
         0
         0
         0
         0
         0
         0
         0
         0
         0
         0
         0
         0
         0
         0
         0
         0
         0
         0
         0
         0
         0
         0
         0
         0
         0
         0
         0
         0
         0
         0
         0
         0
         0
         0
         0
         0
         0
         0
         0
         0
         0
         0
         0
         0
         0
         0
         0
         0
         0
         0
         0
         0
         0
         0
         0
         0
         0
         0
         0
         0
         0
         0
         0
         0
         0
         0
         0
         0
         0
         0
         0
         0
         0
         0
         0
         0
         0
         0
         0
         0
         0
         0
         0
         0
         0
         0
         0
         0
         0
         0
         0
         0
         0
         0
         0
         0
         0
         0
         0
         0
         0
         0
         0
         0
         0
         0
         0
         0
         0
         0
         0
         0
         0
         0
         0
         0
         0
         0
         0
         0
         0
         0
         0
         0
         0
         0
         0
         0
         0
         0
         0
         0
         0
         0
         0
         0
         0
         0
         0
         0
         0
         0
         0
         0
         0
         0
         0
         0
         0
         0
         0
         0
         0
         0
         0
         0
         0
         0
         0
         0
         0
         0
         0
         0
         0
         0
         0
         0
         0
         0
         0
         0
         0
         0
         0
         0
         0
         0
         0
         0
         0
         0
         0
         0
         0
         0
         0
         0
         0
         0
         0
         0
         0
         0
         0
         0
         0
         0
         0
         0
         0
         0
         0
         0
         0
         0
         0
         0
         0
         0
         0
         0
         0
         0
         0
         0
         0
         0
         0
         0
         0
         0
         0
         0
         0
         0
         0
         0
         0
         0
         0
         0
         0
         0
         0
         0
         0
         0
         0
         0
         0
         0
         0
         0
         0
         0
         0
         0
         0
         0
         0
         0
         0
         0
         0
         0
         0
         0
         0
         0
         0
         0
         0
         0
         0
         0
         0
         0
         0
         0
         0
         0
         0
         0
         0
         0
         0
         0
         0
         0
         0
         0
         0
         0
         0
         0
         0
         0
         0
         0
         0
         0
         0
         0
         0
         0
         0
         0
         0
         0
         0
         0
         0
         0
         0
         0
         0
         0
         0
         0
         0
         0
         0
         0
         0
         0
         0
         0
         0
         0
         0
         0
         0
         0
         0
         0
         0
         0
         0
         0
         0
         0
         0
         0
         0
         0
         0
         0
         0
         0
         0
         0
         0
         0
         0
         0
         0
         0
         0
         0
         0
         0
         0
         0
         0
         0
         0
         0
         0
         0
         0
         0
         0
         0
         0
         0
         0
         0
         0
         0
         0
         0
         0
         0
         0
         0
         0
         0
         0
         0
         0
         0
         0
         0
         0
         0
         0
         0
         0
         0
         0
         0
         0
         0
         0
         0
         0
         0
         0
         0
         0
         0
         0
         0
         0
         0
         0
         0
         0
         0
         0
         0
         0
         0
         0
         0
         0
         0
         0
         0
         0
         0
         0
         0
         0
         0
         0
         0
         0
         0
         0
         0
         0
         0
         0
         0
         0
         0
         0
         0
         0
         0
         0
         0
         0
         0
         0
         0
         0
         0
         0
         0
         0
         0
         0
         0
         0
         0
         0
         0
         0
         0
         0
         0
         0
         0
         0
         0
         0
         0
         0
         0
         0
         0
         0
         0
         0
         0
         0
         0
         0
         0
         0
         0
         0
         0
         0
         0
         0
         0
         0
         0
         0
         0
         0
         0
         0
         0
         0
         0
         0
         0
         0
         0
         0
         0
         0
         0
         0
         0
         0
         0
         0
         0
         0
         0
         0
         0
         0
         0
         0
         0
         0
         0
         0
         0
         0
         0
         0
         0
         0
         0
         0
         0
         0
         0
         0
         0
         0
         0
         0
         0
         0
         0
         0
         0
         0
         0
         0
         0
         0
         0
         0
         0
         0
         0
         0
         0
         0
         0
         0
         0
         0
         0
         0
         0
         0
         0
         0
         0
         0
         0
         0
         0
         0
         0
         0
         0
         0
         0
         0
         0
         0
         0
         0
         0
         0
         0
         0
         0
         0
         0
         0
         0
         0
         0
         0
         0
         0
         0
         0
         0
         0
         0
         0
         0
         0
         0
         0
         0
         0
         0
         0
         0
         0
         0
         0
         0
         0
         0
         0
         0
         0
         0
         0
         0
         0
         0
         0
         0
         0
         0
         0
         0
         0
         0
         0
         0
         0
         0
         0
         0
         0
         0
         0
         0
         0
         0
         0
         0
         0
         0
         0
         0
         0
         0
         0
         0
         0
         0
         0
         0
         0
         0
         0
         0
         0
         0
         0
         0
         0
         0
         0
         0
         0
         0
         0
         0
         0
         0
         0
         0
         0
         0
         0
         0
         0
         0
         0
         0
         0
         0
         0
         0
         0
         0
         0
         0
         0
         0
         0
         0
         0
         0
         0
         0
         0
         0
         0
         0
         0
         0
         0
         0
         0
         0
         0
         0
         0
         0
         0
         0
         0
         0
         0
         0
         0
         0
         0
         0
         0
         0
         0
         0
         0
         0
         0
         0
         0
         0
         0
         0
         0
         0
         0
         0
         0
         0
         0
         0
         0
         0
         0
         0
         0
         0
         0
         0
         0
         0
         0
         0
         0
         0
         0
         0
         0
         0
         0
         0
         0
         0
         0
         0
         0
         0
         0
         0
         0
         0
         0
         0
         0
         0
         0
         0
         0
         0
         0
         0
         0
         0
         0
         0
         0
         0
         0
         0
         0
         0
         0
         0
         0
         0
         0
         0
         0
         0
         0
         0
         0
         0
         0
         0
         0
         0
         0
         0
         0
         0
         0
         0
         0
         0
         0
         0
         0
         0
         0
         0
         0
         0
         0
         0
         0
         0
         0
         0
         0
         0
         0
         0
         0
         0
         0
         0
         0
         0
         0
         0
         0
         0
         0
         0
         0
         0
         0
         0
         0
         0
         0
         0
         0
         0
         0
         0
         0
         0
         0
         0
         0
         0
         0
         0
         0
         0
         0
         0
         0
         0
         0
         0
         0
         0
         0
         0
         0
         0
         0
         0
         0
         0
         0
         0
         0
         0
         0
         0
         0
         0
         0
         0
         0
         0
         0
         0
         0
         0
         0
         0
         0
         0
         0
         0
         0
         0
         0
         0
         0
         0
         0
         0
         0
         0
         0
         0
         0
         0
         0
         0
         0
         0
         0
         0
         0
         0
         0
         0
         0
         0
         0
         0
         0
         0
         0
         0
         0
         0
         0
         0
         0
         0
         0
         0
         0
         0
         0
         0
         0
         0
         0
         0
         0
         0
         0
         0
         0
         0
         0
         0
         0
         0
         0
         0
         0
         0
         0
         0
         0
         0
         0
         0
         0
         0
         0
         0
         0
         0
         0
         0
         0
         0
         0
         0
         0
         0
         0
         0
         0
         0
         0
         0
         0
         0
         0
         0
         0
         0
         0
         0
         0
         0
         0
         0
         0
         0
         0
         0
         0
         0
         0
         0
         0
         0
         0
         0
         0
         0
         0
         0
         0
         0
         0
         0
         0
         0
         0
         0
         0
         0
         0
         0
         0
         0
         0
         0
         0
         0
         0
         0
         0
         0
         0
         0
         0
         0
         0
         0
         0
         0
         0
         0
         0
         0
         0
         0
         0
         0
         0
         0
         0
         0
         0
         0
         0
         0
         0
         0
         0
         0
         0
         0
         0
         0
         0
         0
         0
         0
         0
         0
         0
         0
         0
         0
         0
         0
         0
         0
         0
         0
         0
         0
         0
         0
         0
         0
         0
         0
         0
         0
         0
         0
         0
         0
         0
         0
         0
         0
         0
         0
         0
         0
         0
         0
         0
         0
         0
         0
         0
         0
         0
         0
         0
         0
         0
         0
         0
         0
         0
         0
         0
         0
         0
         0
         0
         0
         0
         0
         0
         0
         0
         0
         0
         0
         0
         0
         0
         0
         0
         0
         0
         0
         0
         0
         0
         0
         0
         0
         0
         0
         0
         0
         0
         0
         0
         0
         0
         0
         0
         0
         0
         0
         0
         0
         0
         0
         0
         0
         0
         0
         0
         0
         0
         0
         0
         0
         0
         0
         0
         0
         0
         0
         0
         0
         0
         0
         0
         0
         0
         0
         0
         0
         0
         0
         0
         0
         0
         0
         0
         0
         0
         0
         0
         0
         0
         0
         0
         0
         0
         0
         0
         0
         0
         0
         0
         0
         0
         0
         0
         0
         0
         0
         0
         0
         0
         0
         0
         0
         0
         0
         0
         0
         0
         0
         0
         0
         0
         0
         0
         0
         0
         0
         0
         0
         0
         0
         0
         0
         0
         0
         0
         0
         0
         0
         0
         0
         0
         0
         0
         0
         0
         0
         0
         0
         0
         0
         0
         0
         0
         0
         0
         0
         0
         0
         0
         0
         0
         0
         0
         0
         0
         0
         0
         0
         0
         0
         0
         0
         0
         0
         0
         0
         0
         0
         0
         0
         0
         0
         0
         0
         0
         0
         0
         0
         0
         0
         0
         0
         0
         0
         0
         0
         0
         0
         0
         0
         0
         0
         0
         0
         0
         0
         0
         0
         0
         0
         0
         0
         0
         0
         0
         0
         0
         0
         0
         0
         0
         0
         0
         0
         0
         0
         0
         0
         0
         0
         0
         0
         0
         0
         0
         0
         0
         0
         0
         0
         0
         0
         0
         0
         0
         0
         0
         0
         0
         0
         0
         0
         0
         0
         0
         0
         0
         0
         0
         0
         0
         0
         0
         0
         0
         0
         0
         0
         0
         0
         0
         0
         0
         0
         0
         0
         0
         0
         0
         0
         0
         0
         0
         0
         0
         0
         0
         0
         0
         0
         0
         0
         0
         0
         0
         0
         0
         0
         0
         0
         0
         0
         0
         0
         0
         0
         0
         0
         0
         0
         0
         0
         0
         0
         0
         0
         0
         0
         0
         0
         0
         0
         0
         0
         0
         0
         0
         0
         0
         0
         0
         0
         0
         0
         0
         0
         0
         0
         0
         0
         0
         0
         0
         0
         0
         0
         0
         0
         0
         0
         0
         0
         0
         0
         0
         0
         0
         0
         0
         0
         0
         0
         0
         0
         0
         0
         0
         0
         0
         0
         0
         0
         0
         0
         0
         0
         0
         0
         0
         0
         0
         0
         0
         0
         0
         0
         0
         0
         0
         0
         0
         0
         0
         0
         0
         0
         0
         0
         0
         0
         0
         0
         0
         0
         0
         0
         0
         0
         0
         0
         0
         0
         0
         0
         0
         0
         0
         0
         0
         0
         0
         0
         0
         0
         0
         0
         0
         0
         0
         0
         0
         0
         0
         0
         0
         0
         0
         0
         0
         0
         0
         0
         0
         0
         0
         0
         0
         0
         0
         0
         0
         0
         0
         0
         0
         0
         0
         0
         0
         0
         0
         0
         0
         0
         0
         0
         0
         0
         0
         0
         0
         0
         0
         0
         0
         0
         0
         0
         0
         0
         0
         0
         0
         0
         0
         0
         0
         0
         0
         0
         0
         0
         0
         0
         0
         0
         0
         0
         0
         0
         0
         0
         0
         0
         0
         0
         0
         0
         0
         0
         0
         0
         0
         0
         0
         0
         0
         0
         0
         0
         0
         0
         0
         0
         0
         0
         0
         0
         0
         0
         0
         0
         0
         0
         0
         0
         0
         0
         0
         0
         0
         0
         0
         0
         0
         0
         0
         0
         0
         0
         0
         0
         0
         0
         0
         0
         0
         0
         0
         0
         0
         0
         0
         0
         0
         0
         0
         0
         0
         0
         0
         0
         0
         0
         0
         0
         0
         0
         0
         0
         0
         0
         0
         0
         0
         0
         0
         0
         0
         0
         0
         0
         0
         0
         0
         0
         0
         0
         0
         0
         0
         0
         0
         0
         0
         0
         0
         0
         0
         0
         0
         0
         0
         0
         0
         0
         0
         0
         0
         0
         0
         0
         0
         0
         0
         0
         0
         0
         0
         0
         0
         0
         0
         0
         0
         0
         0
         0
         0
         0
         0
         0
         0
         0
         0
         0
         0
         0
         0
         0
         0
         0
         0
         0
         0
         0
         0
         0
         0
         0
         0
         0
         0
         0
         0
         0
         0
         0
         0
         0
         0
         0
         0
         0
         0
         0
         0
         0
         0
         0
         0
         0
         0
         0
         0
         0
         0
         0
         0
         0
         0
         0
         0
         0
         0
         0
         0
         0
         0
         0
         0
         0
         0
         0
         0
         0
         0
         0
         0
         0
         0
         0
         0
         0
         0
         0
         0
         0
         0
         0
         0
         0
         0
         0
         0
         0
         0
         0
         0
         0
         0
         0
         0
         0
         0
         0
         0
         0
         0
         0
         0
         0
         0
         0
         0
         0
         0
         0
         0
         0
         0
         0
         0
         0
         0
         0
         0
         0
         0
         0
         0
         0
         0
         0
         0
         0
         0
         0
         0
         0
         0
         0
         0
         0
         0
         0
         0
         0
         0
         0
         0
         0
         0
         0
         0
         0
         0
         0
         0
         0
         0
         0
         0
         0
         0
         0
         0
         0
         0
         0
         0
         0
         0
         0
         0
         0
         0
         0
         0
         0
         0
         0
         0
         0
         0
         0
         0
         0
         0
         0
         0
         0
         0
         0
         0
         0
         0
         0
         0
         0
         0
         0
         0
         0
         0
         0
         0
         0
         0
         0
         0
         0
         0
         0
         0
         0
         0
         0
         0
         0
         0
         0
         0
         0
         0
         0
         0
         0
         0
         0
         0
         0
         0
         0
