         0
         0
         0
         0
         0
         0
         0
         0
         0
         0
     13226
     13719
     13671
     13826
     13856
     14003
     13952
     13975
     13723
     13919
     14066
     13955
     14070
     14126
     14032
     14140
     14347
     14097
     14266
     14241
     14314
     14596
     14407
     14506
     14396
     14716
     14525
     14719
     14782
     14909
     14535
     14605
     14655
     14858
     14788
     14780
     14588
     14578
     14749
     14818
     14652
     14818
     14877
     14722
     14775
     14943
     14719
     14942
     14966
     14913
     15038
     15106
     14779
     15159
     15115
     15245
     15430
     15482
     15549
     15296
     15648
     15849
     15700
     15965
     16178
     16003
     16315
     16369
     16492
     16796
     16886
     17171
     17487
     17632
     17428
     17842
     18020
     18421
     18726
     18707
     19118
     19455
     19735
     20017
     20214
     20279
     20499
     21418
     21473
     21672
     21937
     22519
     22845
     22948
     23583
     23749
     24002
     24477
     24480
     24980
     25159
     25431
     25964
     26384
     26530
     27107
     27336
     27924
     28319
     28488
     28973
     29585
     29341
     29911
     30000
     30384
     30637
     30919
     31229
     31248
     31819
     31754
     32347
     32224
     32544
     33013
     33061
     33241
     33372
     33537
     33597
     33868
     34126
     34788
     34522
     34179
     34674
     35025
     34708
     34976
     35091
     35319
     35503
     35040
     35628
     35884
     35454
     35809
     35369
     35856
     35843
     36197
     35883
     36074
     35974
     35986
     36172
     36291
     36315
     36234
     36427
     36626
     36343
     36493
     36903
     36650
     36512
     36537
     36741
     36943
     36423
     36508
     36597
     36452
     36875
     36674
     36579
     37147
     36781
     36485
     36819
     36986
     36937
     37047
     36713
     36890
     36905
     37071
     36969
     36942
     37148
     37373
     37215
     36811
     37045
     37149
     37611
     37141
     37507
     37438
     37123
     37537
     37252
     37411
     37437
     37631
     37591
     37501
     37632
     37291
     37579
     37328
     37322
     37076
     37027
     37243
     37272
     37064
     36672
     36681
     36746
     36491
     36315
     36371
     36259
     36015
     35722
     35639
     35684
     35719
     35907
     35559
     35721
     35338
     35474
     35144
     35261
     34674
     34756
     34460
     34576
     34555
     34055
     34059
     33855
     34244
     34061
     33770
     33696
     33461
     33564
     33040
     33165
     33142
     32923
     32805
     32610
     32662
     32352
     32237
     32406
     32575
     32272
     32251
     32028
     32000
     31611
     31707
     31259
     31313
     31414
     31249
     31223
     31357
     30971
     30995
     30914
     30850
     30696
     30381
     30372
     30256
     30146
     29949
     30242
     29949
     29962
     29757
     30056
     29988
     29519
     29553
     29212
     29361
     29354
     29341
     29114
     29032
     28638
     28973
     28834
     28455
     28661
     28720
     28301
     28370
     28318
     28034
     28335
     27893
     27791
     27954
     28054
     27885
     27441
     27343
     27624
     27517
     27323
     27624
     27294
     27097
     26978
     26790
     26782
     26919
     26581
     26733
     26372
     26493
     26399
     26228
     26156
     26179
     26183
     25934
     25709
     26003
     25825
     25652
     25685
     25404
     25300
     25467
     25418
     25245
     25381
     24990
     25226
     24804
     24991
     24936
     24701
     24904
     24736
     24551
     24350
     24634
     24070
     24278
     24207
     24372
     23874
     23948
     23830
     24084
     23690
     23835
     23624
     23731
     23640
     23403
     23471
     23398
     23537
     23403
     23153
     23312
     23222
     23449
     23135
     23303
     22943
     22847
     22743
     22751
     22713
     22616
     22366
     22726
     22619
     22392
     22443
     22306
     22195
     21779
     22199
     22052
     21875
     22264
     21962
     21727
     21579
     21613
     21636
     21463
     21367
     21583
     21386
     21627
     21146
     21325
     21284
     21419
     20924
     21065
     21066
     20734
     20959
     20592
     20730
     20870
     20499
     20771
     20629
     20574
     20280
     20424
     20364
     20365
     20336
     20232
     20327
     20296
     20034
     19992
     20362
     20229
     20074
     19656
     19817
     19888
     19424
     19418
     19896
     19716
     19679
     19226
     19575
     19437
     19434
     19596
     19352
     19274
     19204
     19335
     19319
     19062
     19197
     19099
     19004
     18933
     18723
     18620
     18685
     18754
     19014
     18900
     18749
     18611
     18745
     18510
     18583
     18669
     18368
     18522
     18334
     18484
     18163
     18365
     18147
     18326
     18340
     18439
     18398
     18159
     18093
     18381
     18396
     18059
     18026
     17979
     18028
     17958
     17934
     17867
     17767
     17960
     17850
     17755
     17656
     17367
     17863
     17616
     17735
     17720
     17424
     17450
     17459
     17535
     17162
     17326
     17395
     17343
     17268
     16964
     17113
     17016
     17038
     16633
     16960
     17149
     16528
     16728
     17027
     16500
     16677
     16651
     16753
     16716
     16403
     16515
     16453
     16526
     16433
     16435
     16404
     16267
     16249
     16200
     16308
     16181
     16153
     15955
     16095
     16157
     16110
     16057
     15876
     15799
     15651
     15753
     15883
     15756
     15870
     15891
     15663
     15876
     15851
     15711
     15556
     15818
     15493
     15491
     15710
     15666
     15567
     15422
     15594
     15652
     15580
     15524
     15386
     15669
     15262
     15520
     15341
     15377
     15244
     15526
     15041
     15155
     15104
     15026
     15265
     14965
     14815
     15184
     14941
     15075
     14899
     15104
     15064
     14826
     15041
     14921
     14929
     14946
     14726
     14734
     14807
     14869
     14838
     14684
     14676
     14679
     14614
     14714
     14547
     14553
     14546
     14553
     14413
     14397
     14456
     14504
     14442
     14527
     14519
     14414
     14402
     14416
     14556
     14323
     14184
     14182
     14274
     14253
     14268
     14403
     14316
     14455
     14125
     14118
     14206
     14338
     14194
     13962
     14082
     14275
     14049
     14132
     14035
     14061
     13847
     13925
     13769
     14010
     13947
     14002
     13771
     14093
     13997
     14114
     13866
     13807
     13734
     13952
     13788
     13792
     13725
     13721
     13767
     13669
     13836
     13638
     13582
     13661
     13790
     13511
     13700
     13650
     13626
     13590
     13575
     13781
     13585
     13587
     13522
     13389
     13643
     13350
     13288
     13375
     13407
     13333
     13277
     13403
     13281
     13324
     13123
     13449
     13323
     13338
     13123
     13130
     13237
     13160
     13419
     13371
     13177
     13206
     13017
     13219
     12841
     13101
     13046
     13123
     13118
     13063
     13026
     13058
     13172
     12874
     12806
     13208
     12963
     13058
     12791
     12999
     12823
     12958
     12833
     12704
     12915
     12781
     12839
     12839
     12974
     12818
     12742
     12669
     13036
     12785
     12805
     12747
     12732
     12680
     12933
     12855
     12597
     12723
     12589
     12596
     12778
     12761
     12698
     12475
     12771
     12459
     12687
     12657
     12413
     12477
     12731
     12585
     12417
     12551
     12558
     12463
     12623
     12620
     12639
     12618
     12752
     12592
     12549
     12594
     12417
     12531
     12379
     12478
     12513
     12219
     12600
     12480
     12449
     12452
     12176
     12518
     12447
     12425
     12494
     12296
     12465
     12511
     12534
     12405
     12368
     12466
     12363
     12501
     12356
     12391
     12529
     12408
     12444
     12409
     12405
     12219
     12370
     12330
     12345
     12463
     12203
     12286
     12326
     12199
     12251
     12346
     12139
     12358
     12452
     12293
     12422
     12426
     12627
     12345
     12461
     12377
     12281
     12365
     12318
     12307
     12109
     12173
     12117
     12219
     12319
     12101
     12084
     12169
     12271
     12151
     12090
     12181
     12131
     12113
     12201
     12074
     12272
     12051
     12206
     12098
     12006
     12117
     12027
     12246
     12057
     12100
     12024
     12045
     12239
     12163
     11889
     12031
     12000
     11942
     12140
     12200
     12044
     12191
     11950
     11936
     12072
     12112
     12010
     12077
     12006
     11851
     12028
     11980
     12140
     11965
     11751
     11897
     12014
     11869
     12073
     11932
     11927
     12001
     12027
     11970
     12055
     12094
     11769
     11884
     11865
     11941
     11939
     11747
     11731
     11993
     11586
     11794
     11883
     11785
     11755
     12075
     11761
     11850
     11734
     11891
     11527
     12035
     11757
     11683
     11795
     11781
     11582
     11590
     11545
     11829
     11725
     11730
     11582
     11725
     11550
     11532
     11744
     11630
     11270
     11412
     11336
     11324
     11266
     11324
     11434
     11371
     11243
     11112
     11129
     11219
     11103
     11227
     10838
     10949
     11126
     10988
     11029
     10804
     10846
     10748
     10627
     10753
     10762
     10644
     10614
     10591
     10396
     10478
     10254
     10461
     10297
     10320
     10327
     10244
     10172
      9995
     10090
     10089
      9894
     10012
      9876
      9903
      9735
      9655
      9819
      9736
      9538
      9450
      9418
      9782
      9367
      9459
      9330
      9185
      9352
      9285
      9417
      9310
      9182
      9055
      9085
      8997
      9048
      9143
      9176
      8956
      8860
      8919
      8989
      8876
      8844
      8714
      8964
      8642
      8874
      8727
      8787
      8740
      8698
      8778
      8688
      8486
      8593
      8711
      8505
      8624
      8606
      8440
      8493
      8419
      8633
      8543
      8526
      8373
      8401
      8337
      8425
      8293
      8322
      8363
      8505
      8371
      8387
      8495
      8236
      8145
      8155
      8282
      8242
      8233
      8312
      8401
      8145
      8103
      8197
      8281
      8327
      8130
      8179
      8062
      7995
      8226
      8068
      8218
      8076
      8228
      8070
      8114
      8124
      8116
      7891
      7957
      8022
      7990
      7953
      8068
      7969
      7921
      8102
      7939
      7970
      8004
      8208
      8087
      7966
      7911
      8009
      8054
      7830
      8058
      7921
      7891
      8223
      7996
      8261
      8011
      8255
      8052
      8210
      8157
      8302
      8316
      8340
      8533
      8362
      8637
      8809
      8702
      8620
      8846
      9157
      8949
      9255
      9334
      9426
      9651
      9704
      9997
      9953
     10222
     10405
     10438
     10929
     10875
     10951
     11361
     11577
     11824
     11926
     12194
     12522
     12763
     13072
     13341
     13448
     13949
     14222
     14511
     14762
     15190
     15494
     15953
     16084
     16413
     16929
     17037
     17484
     17929
     18053
     18535
     18982
     19123
     19584
     19831
     20489
     20244
     20753
     21183
     21545
     21650
     21806
     22355
     22376
     22472
     22969
     23280
     23414
     23365
     23634
     23544
     24190
     23935
     24374
     24340
     24342
     24505
     24268
     24619
     24535
     24111
     24038
     24287
     24403
     24165
     23716
     23799
     23473
     23032
     22906
     22783
     22647
     22184
     22142
     21438
     21561
     20902
     20621
     20506
     19990
     19845
     19362
     18918
     18704
     18148
     17839
     17297
     16865
     16397
     16376
     15780
     15331
     15000
     14525
     14047
     13746
     13077
     12696
     12303
     12090
     11683
     11186
     10711
     10476
     10165
      9921
      9569
      9024
      8686
      8341
      8143
      7846
      7751
      7304
      7071
      6825
      6533
      6446
      6294
      6023
      5702
      5627
      5549
      5155
      5127
      4982
      4748
      4648
      4593
      4499
      4379
      4317
      4261
      4172
      4185
      4188
      4120
      4094
      3988
      3985
      4099
      4062
      4169
      4072
      4123
      4342
      4418
      4546
      4497
      4538
      4709
      4769
      4750
      4929
      5194
      5284
      5398
      5578
      5770
      5802
      6102
      6440
      6590
      6834
      7015
      7245
      7573
      7697
      7912
      8167
      8426
      8717
      9031
      9108
      9438
      9919
     10096
     10513
     10703
     10790
     11316
     11521
     11842
     12173
     12614
     12818
     13195
     13535
     13631
     14091
     14239
     14633
     14992
     15033
     15512
     15706
     16064
     16271
     16465
     16614
     16966
     17243
     17378
     17513
     17735
     17914
     18087
     18391
     18489
     18388
     18422
     18970
     19026
     18774
     19187
     19198
     19250
     19002
     19501
     19260
     19452
     19357
     19029
     18794
     18900
     18654
     18924
     18394
     18313
     18439
     18236
     17889
     17803
     17443
     17337
     17194
     16902
     16571
     16286
     16012
     15458
     15596
     15294
     14675
     14562
     14184
     14085
     13891
     13404
     13277
     12809
     12437
     11987
     11778
     11508
     11040
     10688
     10225
     10013
      9849
      9452
      9091
      8674
      8525
      8103
      8078
      7658
      7336
      6868
      6589
      6406
      6245
      5882
      5587
      5456
      5154
      4967
      4670
      4366
      4286
      4110
      3896
      3691
      3536
      3303
      3111
      2937
      2781
      2580
      2492
      2407
      2207
      2073
      1997
      1829
      1800
      1684
      1522
      1433
      1389
      1253
      1207
      1115
       993
       986
       905
       855
       820
       725
       668
       637
       616
       534
       516
       490
       471
       426
       389
       341
       330
       298
       288
       264
       261
       212
       231
       216
       198
       165
       175
       154
       134
       146
       127
       114
       109
       107
       100
        70
        86
        74
        82
        81
        64
        72
        68
        64
        42
        63
        61
        37
        46
        43
        27
        45
        48
        31
        46
        34
        53
        37
        45
        36
        44
        36
        37
        50
        46
        33
        32
        34
        33
        45
        38
        39
        40
        32
        34
        41
        35
        39
        35
        42
        31
        40
        43
        45
        33
        45
        42
        30
        37
        32
        41
        34
        40
        35
        24
        35
        37
        46
        40
        29
        33
        37
        34
        31
        23
        34
        32
        37
        31
        25
        39
        31
        43
        40
        28
        38
        37
        39
        32
        32
        33
        35
        37
        32
        34
        27
        43
        34
        33
        35
        45
        36
        38
        22
        39
        34
        31
        37
        39
        30
        32
        33
        22
        35
        35
        20
        21
        26
        36
        35
        25
        42
        29
        42
        28
        38
        23
        28
        33
        30
        30
        32
        39
        36
        25
        25
        39
        35
        22
        23
        37
        23
        33
        32
        32
        33
        30
        37
        31
        32
        29
        35
        28
        29
        34
        29
        39
        23
        33
        30
        24
        33
        34
        21
        29
        35
        33
        27
        23
        27
        22
        34
        45
        28
        31
        31
        31
        25
        20
        24
        29
        20
        28
        30
        31
        28
        33
        34
        34
        17
        22
        31
        35
        26
        28
        29
        18
        28
        19
        31
        24
        39
        33
        26
        26
        30
        24
        26
        34
        19
        20
        26
        30
        22
        22
        30
        32
        27
        28
        23
        24
        35
        27
        19
        29
        30
        19
        26
        25
        27
        29
        28
        27
        26
        24
        23
        26
        21
        30
        22
        24
        21
        20
        24
        19
        24
        19
        20
        20
        22
        25
        26
        21
        15
        18
        17
        20
        32
        17
        18
        28
        27
        17
        25
        32
        20
        21
        16
        22
        22
        19
        13
        23
        29
        16
        19
        15
        22
        19
        23
        17
        27
        22
        26
        21
        32
        17
        13
        14
        24
        16
        19
        29
        14
        20
        18
        25
        21
        16
        18
        23
        17
        18
        20
        22
        17
        19
        24
        20
        21
        21
        19
        16
        22
        21
        17
        13
        27
        26
        21
        13
        24
        14
        15
        20
        22
        18
        26
        16
        12
        19
        16
        17
        14
        23
        18
        23
        12
        17
        23
        26
        20
        17
        19
        18
        22
        17
        17
        12
        22
        18
        26
        25
        19
        18
        22
        16
        17
        21
        23
        12
        18
        14
        18
        16
        17
        11
        15
        16
        18
        10
        16
        24
        25
        20
        12
        22
        22
        14
        13
        15
        16
        16
        18
        14
        23
        12
        10
        20
        19
        18
        15
         9
        15
        27
        17
        15
        13
        17
        18
        18
        22
        13
        20
        11
        19
        12
        29
         9
        14
        17
        18
        14
         8
        21
        13
         9
        15
        13
        15
        13
        24
        14
        14
        17
        20
        15
        14
        18
        11
        21
        20
         9
        12
        12
        13
        13
        13
        21
        19
         6
        26
        12
         8
        16
        17
        24
        12
        25
        14
        16
        21
        13
        15
         9
        14
        16
        12
        14
        15
        12
        17
        10
        14
        22
        11
        20
        12
        15
        10
        19
        15
        16
        14
        27
        15
        11
         7
        18
        14
        12
        13
        12
        11
        16
        12
        10
        13
         8
        15
        14
        16
        18
        12
        10
         9
        17
        14
        16
        15
         9
        21
        12
        15
        12
        11
        10
        10
        20
        12
        12
         9
        10
        15
        16
        10
        18
        10
        20
         9
         9
        11
        10
        18
        12
         7
        11
        10
        10
        13
        17
        13
        10
        12
        11
        13
         9
        17
        16
        12
        19
        14
         9
        17
        10
        11
        18
        10
         9
        14
         6
        12
        13
        18
        11
        10
        12
        19
        12
        12
         7
         4
        15
        16
        17
        11
         7
        17
        10
        13
        18
        10
        12
         9
        10
        16
        13
         7
        15
         9
        13
        15
        12
        10
         5
         4
         6
         8
        10
         5
         6
        10
         9
        16
         8
        12
        18
        10
         8
        18
        12
         8
        11
        15
        16
        12
        13
        10
         9
        14
        14
        13
         9
        16
         9
        10
         9
        12
        13
        13
         9
        15
        15
         7
         6
         7
         8
        16
        12
        13
        15
         7
         8
         9
        15
        14
        13
         8
         9
        12
         9
        10
        11
         7
        12
         8
         8
        11
        11
        20
        11
        14
         8
         8
        11
        10
        14
        12
         8
        10
         7
        10
        14
        13
         7
         8
        10
        11
         4
         8
         9
        11
         7
         7
        13
        10
        10
        10
         6
         6
        13
        11
        10
        11
        10
        11
         8
         7
         8
        10
         7
        14
         9
        11
        17
        11
         5
        15
         6
        18
        12
         7
        10
         8
        13
         6
        10
        13
        12
         7
         9
        11
         5
        14
        10
        11
         9
        10
        14
         7
        12
        12
         6
         7
        11
         8
         9
        12
         8
        13
         8
         7
         9
        12
         7
         7
         9
         5
         9
        10
        10
         8
         5
        10
        13
        10
         7
        10
        10
         6
         8
         4
         9
         8
        13
        16
         5
        12
         9
         9
         7
        15
         8
         7
        15
        10
        12
         6
        14
         9
         5
         9
         7
         8
         6
        11
         8
        11
        11
         6
        10
         3
         8
         8
        11
         6
         9
         9
         8
        10
        13
         4
         9
         6
         6
         9
        12
         4
         8
        10
         9
         9
         8
         6
         6
        11
        11
         7
         3
        10
         4
         4
         6
         6
        10
         8
         5
         8
         7
         9
         8
         6
         7
        14
         8
         8
        10
         4
         9
        11
         5
         6
         8
         5
         5
         6
         7
         2
         7
         7
         7
         4
         6
         3
         9
         3
         7
         8
         7
        11
         2
         8
         5
         5
         9
         6
         5
         3
         8
         6
         9
         4
         7
         4
         6
         8
         7
         8
         9
         4
         4
         3
         3
         3
         4
         4
         7
         4
         3
         1
         4
         6
         8
         3
         5
         4
         1
         3
         4
         5
         2
         3
         7
         3
         4
         4
         5
         3
         6
         6
         1
         3
         3
         2
         6
        10
         5
         4
         4
         2
         7
         4
         4
         0
         5
         4
         5
         5
         6
         3
         4
         5
         4
         3
         5
         7
         2
         5
         3
         6
         6
         4
         4
         3
         2
         2
         6
         6
         6
         5
         6
         4
         0
         6
         3
         4
         1
         7
         5
         2
         2
         9
         3
         2
         4
         5
         5
         5
         4
         4
         2
         3
         1
         2
         1
         4
         2
         5
         2
         7
         4
         9
         1
         3
         5
         7
         5
         9
         6
        10
         4
         7
         4
         3
         3
         4
         3
         4
         4
         7
         8
         9
        10
        10
         3
         9
         6
         6
         2
         9
         6
         5
         7
         7
         6
         7
         9
         8
         8
         7
         5
         8
         9
         6
         6
        13
         8
        14
        11
         5
        11
         4
        10
         4
        12
         7
        10
        12
         9
         8
        10
        10
        11
        11
         9
         8
         5
        13
        13
        15
        10
         4
        12
        13
        10
         8
         8
        10
         6
        12
        14
        13
        11
        15
         6
         5
        12
        12
        12
         7
        11
         9
        12
         7
        12
        12
         8
        10
        10
         9
         7
        15
         5
         7
        12
         5
         8
         7
        17
         7
         6
         4
         7
        13
         8
         8
         7
         5
         7
        12
         8
        12
         6
        10
         8
         9
         6
         5
         5
         7
         3
         1
         7
         8
         9
        13
         5
         6
         5
         7
         5
         2
         3
         5
         5
         9
         2
         9
         1
         7
         3
         4
         3
         3
         3
         4
         3
         3
         3
         2
         2
         4
         6
         3
         4
         2
         0
         1
         4
         3
         1
         5
         4
         3
         2
         2
         2
         2
         1
         2
         2
         0
         2
         2
         0
         1
         2
         0
         0
         1
         1
         0
         0
         2
         0
         3
         0
         0
         2
         0
         0
         1
         1
         0
         0
         0
         0
         0
         0
         1
         1
         1
         0
         0
         0
         0
         0
         0
         1
         0
         0
         0
         1
         0
         0
         0
         0
         0
         0
         0
         0
         0
         0
         0
         0
         0
         0
         0
         0
         0
         0
         1
         0
         0
         0
         0
         0
         0
         1
         0
         0
         0
         0
         0
         0
         0
         0
         0
         0
         0
         0
         0
         0
         0
         0
         0
         0
         0
         0
         0
         0
         0
         0
         0
         0
         0
         0
         0
         0
         0
         0
         0
         0
         0
         0
         0
         0
         0
         0
         0
         0
         0
         0
         0
         0
         0
         0
         0
         0
         0
         0
         0
         0
         0
         0
         0
         0
         0
         0
         0
         0
         0
         0
         0
         0
         0
         0
         0
         0
         0
         0
         0
         0
         0
         0
         0
         0
         0
         0
         0
         0
         0
         0
         0
         0
         0
         0
         0
         0
         0
         0
         0
         0
         0
         0
         0
         0
         0
         0
         0
         0
         0
         0
         0
         0
         0
         0
         0
         0
         0
         0
         0
         0
         0
         0
         0
         0
         0
         0
         0
         0
         0
         0
         0
         0
         0
         0
         0
         0
         0
         0
         0
         0
         0
         0
         0
         0
         0
         0
         0
         0
         0
         0
         0
         0
         0
         0
         0
         0
         0
         0
         0
         0
         0
         0
         0
         0
         0
         0
         0
         0
         0
         0
         0
         0
         0
         0
         0
         0
         0
         0
         0
         0
         0
         0
         0
         0
         0
         0
         0
         0
         0
         0
         0
         0
         0
         0
         0
         0
         0
         0
         0
         0
         0
         0
         0
         0
         0
         0
         0
         0
         0
         0
         0
         0
         0
         0
         0
         0
         0
         0
         0
         0
         0
         0
         0
         0
         0
         0
         0
         0
         0
         0
         0
         0
         0
         0
         0
         0
         0
         0
         0
         0
         0
         0
         0
         0
         0
         0
         0
         0
         0
         0
         0
         0
         0
         0
         0
         0
         0
         0
         0
         0
         0
         0
         0
         0
         0
         0
         0
         0
         0
         0
         0
         0
         0
         0
         0
         0
         0
         0
         0
         0
         0
         0
         0
         0
         0
         0
         0
         0
         0
         0
         0
         0
         0
         0
         0
         0
         0
         0
         0
         0
         0
         0
         0
         0
         0
         0
         0
         0
         0
         0
         0
         0
         0
         0
         0
         0
         0
         0
         0
         0
         0
         0
         0
         0
         0
         0
         0
         0
         0
         0
         0
         0
         0
         0
         0
         0
         0
         0
         0
         0
