         0
         0
         0
         0
         0
         0
         0
         0
         0
         0
     14489
     14866
     14976
     15206
     15270
     15403
     15330
     15329
     15359
     15427
     15502
     15201
     15582
     15575
     15331
     15694
     15702
     15631
     15815
     15613
     15571
     15886
     15667
     15669
     15976
     15973
     16030
     15903
     16259
     15835
     16137
     15998
     16055
     16271
     15883
     15872
     16142
     16102
     16382
     15901
     16050
     16111
     16234
     16091
     16340
     16176
     16362
     16338
     16188
     16372
     16428
     16224
     16656
     16590
     16379
     16416
     16475
     16644
     16864
     16815
     17053
     17220
     17219
     17067
     17362
     17501
     17626
     17538
     17874
     18045
     18089
     18318
     18803
     18521
     18779
     19111
     19452
     19413
     19677
     20176
     20069
     20325
     20698
     20936
     21268
     21382
     21580
     21671
     22042
     22464
     22967
     23153
     23382
     23776
     24026
     24316
     24322
     24756
     25005
     25407
     25128
     26069
     26174
     26584
     26724
     27135
     27330
     28004
     28364
     28247
     28852
     29307
     29257
     29786
     29787
     30378
     30298
     30737
     31186
     30980
     31588
     31672
     32010
     31815
     32123
     32575
     32871
     32915
     33261
     32975
     33379
     33683
     33409
     33650
     33870
     33600
     33733
     34153
     34293
     34426
     34444
     34395
     34632
     34576
     34649
     34687
     34848
     34946
     34708
     35132
     35117
     35200
     35290
     34956
     34879
     35050
     34933
     35470
     35221
     35140
     35091
     35436
     35578
     35463
     35650
     35308
     35108
     35231
     35361
     35739
     35465
     35505
     35485
     35503
     35586
     35703
     35170
     35500
     35372
     35498
     35620
     36026
     35535
     35884
     35613
     36078
     35971
     35897
     36181
     36457
     36389
     36865
     37179
     36325
     37012
     36872
     36803
     37355
     37161
     37247
     37810
     37783
     38479
     37803
     38437
     38166
     38371
     38779
     39004
     38994
     38536
     38857
     38713
     38548
     38464
     38868
     38709
     38605
     38683
     38513
     38284
     38434
     38407
     38248
     38154
     37857
     37899
     37439
     37266
     37236
     37028
     36790
     36922
     37022
     36898
     36492
     36590
     36214
     36001
     36037
     35632
     35555
     35554
     35454
     35529
     35476
     35027
     35063
     34997
     34487
     34574
     34559
     34191
     34268
     34186
     34157
     34126
     34158
     33379
     33446
     33524
     33543
     33251
     33217
     32900
     33083
     32869
     32544
     32395
     32321
     32235
     32147
     32212
     32005
     31868
     31757
     31804
     31600
     31618
     31496
     31506
     31382
     31151
     30931
     31261
     30994
     30980
     31128
     30795
     30498
     30514
     30515
     30498
     29970
     30014
     30225
     29942
     30281
     29724
     29643
     29659
     29638
     29555
     29541
     28955
     28938
     29152
     29075
     28855
     29029
     28692
     28592
     28713
     28446
     28590
     27852
     28370
     28235
     28109
     27891
     27721
     27863
     27765
     27441
     27303
     27223
     27482
     27229
     27151
     26869
     26852
     26813
     26912
     27028
     26582
     26600
     26482
     26149
     26226
     26349
     26304
     26426
     26025
     26035
     25879
     25833
     26019
     25886
     25657
     25647
     25677
     25714
     25379
     25201
     25199
     25272
     25299
     24952
     24749
     25000
     25019
     24681
     24479
     24955
     24560
     24532
     24542
     24644
     24407
     24370
     24147
     24161
     24086
     23948
     23943
     23687
     23543
     23438
     23798
     24104
     23765
     23699
     23463
     23407
     23466
     23556
     23253
     23541
     23322
     23333
     23034
     23149
     22955
     23010
     23015
     22974
     22660
     22668
     22486
     23136
     22556
     22463
     22566
     22122
     22473
     22398
     22154
     22265
     22033
     22081
     22106
     21940
     21909
     22152
     21915
     21756
     21521
     21864
     21541
     21991
     21638
     21403
     21377
     21659
     21372
     21562
     21188
     21356
     21285
     20983
     21224
     21076
     20935
     20994
     20969
     20627
     21095
     20971
     20580
     20657
     20693
     20809
     20526
     20222
     20191
     20495
     20702
     20426
     20446
     20152
     20082
     20336
     19980
     20178
     19833
     20161
     19922
     19910
     19662
     19918
     19997
     19877
     20081
     19937
     19983
     19802
     19735
     19510
     19856
     19839
     19583
     19476
     19695
     19633
     19422
     19572
     19561
     19539
     19485
     19411
     19378
     19574
     19449
     19246
     19327
     19146
     19336
     19189
     19335
     19081
     19150
     19178
     18821
     18983
     19100
     19014
     19419
     18954
     18979
     19069
     18746
     18760
     18980
     19105
     18705
     18599
     18886
     18708
     18735
     18356
     18545
     18569
     18591
     18337
     18479
     18261
     18490
     18116
     18423
     18367
     18125
     18407
     17903
     18163
     18042
     18170
     17815
     17720
     17946
     17907
     17747
     17773
     17676
     17845
     17706
     17644
     17661
     17524
     17460
     17417
     17317
     17638
     17434
     17562
     17355
     17292
     17251
     17464
     17317
     17332
     17208
     17354
     17157
     17227
     17155
     17037
     17151
     17288
     16980
     17147
     16964
     17137
     17050
     16802
     17112
     17058
     16999
     16870
     16823
     16969
     16578
     16787
     16790
     16804
     16851
     16694
     16594
     16722
     16675
     16611
     16589
     16574
     16603
     16610
     16641
     16549
     16384
     16618
     16425
     16262
     16533
     16567
     16558
     16452
     16332
     16307
     16228
     16356
     16498
     16569
     16534
     16299
     16114
     16395
     16393
     16261
     15970
     16069
     16087
     16283
     16317
     16229
     16316
     16074
     16038
     15966
     15984
     16162
     15931
     16032
     16376
     16226
     15995
     16215
     16039
     16070
     15938
     15986
     15874
     15924
     15879
     16108
     15821
     15823
     16013
     15905
     16006
     15923
     15811
     15833
     16003
     15758
     15738
     15571
     15868
     15966
     15406
     15679
     15771
     15761
     15670
     15583
     15595
     15703
     15938
     15401
     15522
     15560
     15535
     15668
     15535
     15690
     15586
     15653
     15563
     15703
     15565
     15380
     15537
     15628
     15458
     15557
     15379
     15359
     15360
     15437
     15436
     15491
     15365
     15369
     15619
     15247
     15342
     15463
     15311
     15151
     15263
     15393
     15247
     15028
     15385
     15492
     15184
     15227
     15192
     15143
     15122
     15250
     15209
     15100
     15152
     15280
     15202
     15014
     15269
     14949
     14982
     15317
     14858
     15109
     15196
     15294
     15041
     14929
     15023
     15064
     15189
     14847
     15008
     14976
     15074
     14723
     15268
     15186
     14969
     14982
     14789
     14695
     14873
     14914
     14868
     15167
     15069
     14805
     15020
     14737
     15191
     15010
     14948
     14799
     15124
     14711
     14919
     15042
     14799
     15072
     14941
     14657
     15003
     14533
     14823
     14659
     14721
     14806
     14589
     14942
     14697
     14700
     14709
     14898
     14693
     14769
     14940
     14584
     14760
     14837
     14962
     14789
     14619
     15108
     14977
     14886
     15028
     14567
     14787
     14767
     14836
     14805
     14716
     14903
     14876
     14906
     14908
     15091
     14693
     14907
     15068
     14650
     14675
     14896
     14536
     14888
     14894
     14937
     14965
     14886
     14846
     14728
     15097
     14919
     15115
     14821
     14666
     15040
     14793
     14775
     14774
     14840
     15036
     14929
     14986
     15041
     14901
     14932
     14888
     14984
     14634
     14835
     15053
     15107
     14975
     15075
     14944
     14719
     14801
     14958
     14858
     14870
     14970
     15091
     14878
     15051
     14746
     14888
     14803
     14790
     14806
     14718
     14941
     14826
     14666
     14893
     15149
     14869
     14798
     14746
     14940
     14894
     14897
     14965
     14920
     14824
     14653
     14796
     14771
     14798
     14852
     14747
     14895
     14887
     14785
     14855
     14840
     14954
     14877
     14973
     14793
     14694
     14949
     14691
     14963
     14688
     14825
     14751
     14917
     14628
     14916
     14918
     14795
     14775
     14793
     14959
     14821
     14946
     15005
     14983
     15004
     14987
     14850
     14647
     14806
     14840
     14982
     14746
     14942
     15081
     14944
     14755
     14802
     14695
     14996
     15004
     14905
     14696
     14959
     14947
     14654
     14765
     14681
     14842
     14920
     14936
     14561
     14677
     14783
     14861
     14601
     14671
     14710
     14521
     14520
     14510
     14412
     14613
     14381
     14249
     14254
     14324
     14175
     14171
     14342
     14306
     14103
     14181
     13995
     13970
     13989
     13749
     13756
     13659
     13766
     13440
     13559
     13617
     13277
     13297
     13589
     13384
     13097
     13168
     13233
     13127
     13088
     13092
     12874
     12914
     12632
     12667
     12743
     12585
     12561
     12390
     12418
     12297
     12145
     12155
     12295
     12087
     11946
     12027
     11869
     11911
     11925
     11742
     11707
     11909
     11713
     11579
     11493
     11341
     11408
     11265
     11544
     11428
     11019
     11147
     11266
     11187
     11195
     10957
     11133
     10842
     10881
     10818
     10902
     10746
     10688
     10770
     10612
     10645
     10690
     10582
     10619
     10408
     10562
     10538
     10628
     10651
     10556
     10442
     10439
     10465
     10311
     10332
     10414
     10320
     10385
     10360
     10327
     10205
     10232
     10263
     10161
     10248
     10223
     10082
     10097
     10189
     10313
     10134
     10091
     10135
      9975
      9814
     10094
     10138
     10048
     10232
     10019
      9972
     10132
     10181
      9936
     10085
     10042
      9849
      9858
      9841
      9922
      9906
      9926
      9884
      9938
      9959
      9702
      9902
      9735
      9892
      9885
      9813
      9750
      9948
      9790
      9906
      9794
      9803
      9888
      9985
      9622
      9974
      9718
      9933
     10157
      9865
     10039
     10118
     10094
      9812
     10139
     10164
     10114
     10117
     10259
     10227
     10535
     10586
     10744
     10599
     10676
     10834
     10966
     11074
     11358
     11278
     11486
     11689
     11916
     12030
     12136
     12361
     12776
     12934
     13130
     13468
     13744
     13968
     14493
     14418
     14934
     15434
     15602
     16139
     16306
     16727
     17377
     17561
     17996
     18626
     18765
     19437
     19754
     20511
     20567
     21063
     21839
     22099
     22825
     23287
     23748
     24361
     24941
     25616
     26087
     26881
     27181
     27661
     28132
     28492
     29286
     29551
     30072
     30622
     31462
     31748
     31892
     32255
     33072
     33009
     33771
     34125
     34312
     34694
     35081
     35008
     35495
     35467
     35893
     35740
     35666
     36185
     35939
     36054
     36091
     35927
     36264
     35737
     35726
     35514
     35324
     35179
     34631
     34325
     33710
     33911
     33845
     32927
     32706
     32335
     32102
     31205
     31045
     30171
     29702
     29395
     28750
     28049
     27810
     26826
     26049
     25528
     25072
     24412
     23719
     22987
     22271
     21893
     21304
     20609
     19896
     19273
     18537
     18044
     17358
     16874
     16163
     15770
     15357
     14509
     14110
     13630
     13046
     12744
     12002
     11580
     11311
     10803
     10304
      9806
      9718
      9175
      8906
      8528
      8208
      7861
      7596
      7395
      7097
      6982
      6612
      6614
      6364
      6138
      5920
      5971
      5702
      5550
      5552
      5432
      5342
      5241
      5360
      5338
      5237
      5325
      5341
      5516
      5513
      5508
      5533
      5696
      5777
      6132
      6018
      6110
      6338
      6677
      6770
      6938
      7278
      7449
      7745
      7964
      8257
      8490
      8940
      9137
      9373
      9648
     10263
     10495
     10734
     11138
     11549
     11931
     12291
     12874
     13148
     13774
     13998
     14517
     14951
     15304
     15663
     16154
     17098
     17254
     17815
     18222
     18716
     19052
     19397
     19947
     20467
     20802
     21282
     21872
     22345
     22816
     23086
     23332
     23993
     24301
     24573
     24855
     25273
     25690
     26067
     26418
     26542
     26640
     26954
     27491
     27308
     27815
     27963
     27854
     28099
     28320
     28114
     28360
     28583
     28392
     28463
     28528
     28570
     28548
     28532
     27981
     28102
     27584
     27622
     27305
     26930
     27132
     26882
     26271
     25967
     25928
     25437
     25326
     25076
     24321
     23797
     23457
     23058
     23070
     21932
     21803
     21310
     20682
     20362
     19858
     19196
     18882
     18367
     17785
     17494
     16918
     16494
     16128
     15601
     14843
     14612
     14112
     13610
     13016
     12441
     12363
     11736
     11344
     10648
     10409
      9924
      9619
      9095
      8798
      8303
      7968
      7807
      7398
      7060
      6726
      6259
      6151
      5769
      5618
      5316
      4957
      4618
      4415
      4216
      3999
      3667
      3576
      3315
      3187
      2903
      2886
      2541
      2392
      2294
      2209
      1989
      1906
      1696
      1646
      1535
      1429
      1347
      1282
      1219
      1104
      1027
       963
       900
       883
       794
       783
       661
       637
       566
       536
       530
       436
       446
       438
       355
       345
       341
       306
       302
       220
       268
       205
       227
       227
       205
       175
       176
       143
       138
       130
       119
       120
       129
        99
       122
        84
        96
       100
        76
        73
        95
        83
        65
        81
        61
        75
        82
        64
        49
        65
        72
        56
        53
        60
        63
        58
        49
        49
        50
        64
        55
        64
        46
        62
        60
        57
        49
        64
        53
        53
        58
        40
        55
        45
        47
        44
        42
        55
        61
        54
        50
        53
        55
        56
        53
        52
        67
        59
        57
        46
        42
        47
        66
        49
        43
        54
        45
        51
        53
        55
        59
        52
        35
        59
        47
        46
        45
        50
        52
        52
        46
        47
        52
        48
        55
        44
        48
        56
        42
        43
        59
        52
        47
        51
        41
        59
        56
        54
        49
        48
        59
        48
        55
        43
        54
        51
        54
        44
        46
        55
        60
        40
        43
        51
        38
        47
        44
        46
        43
        38
        42
        52
        51
        47
        42
        46
        48
        60
        52
        36
        50
        42
        47
        44
        47
        41
        39
        48
        37
        52
        44
        39
        46
        53
        43
        43
        46
        39
        45
        50
        47
        45
        39
        42
        43
        43
        45
        39
        43
        34
        41
        43
        43
        38
        47
        37
        42
        44
        34
        39
        36
        28
        34
        42
        35
        38
        41
        36
        39
        36
        47
        33
        35
        43
        32
        40
        39
        35
        28
        30
        39
        44
        37
        35
        41
        50
        52
        42
        29
        54
        31
        44
        57
        34
        29
        41
        44
        35
        32
        33
        29
        30
        32
        38
        50
        32
        34
        27
        36
        43
        38
        31
        37
        32
        26
        33
        32
        32
        42
        37
        32
        46
        29
        38
        34
        33
        51
        34
        48
        43
        39
        40
        25
        37
        42
        28
        38
        46
        30
        40
        50
        24
        38
        26
        37
        45
        45
        36
        32
        30
        29
        35
        34
        34
        44
        37
        43
        32
        23
        29
        45
        29
        34
        39
        38
        34
        27
        36
        22
        34
        33
        31
        28
        43
        26
        34
        25
        29
        40
        32
        32
        28
        33
        25
        32
        30
        29
        35
        33
        28
        29
        26
        38
        38
        39
        27
        28
        32
        34
        25
        29
        38
        30
        31
        22
        29
        27
        35
        30
        26
        31
        39
        24
        32
        32
        38
        31
        25
        27
        28
        41
        21
        33
        29
        26
        22
        39
        36
        29
        35
        27
        26
        27
        25
        31
        27
        32
        24
        22
        30
        32
        28
        27
        29
        32
        46
        21
        20
        25
        30
        22
        17
        23
        25
        19
        32
        35
        24
        30
        24
        32
        27
        27
        26
        41
        31
        24
        26
        32
        28
        24
        15
        14
        31
        22
        22
        18
        23
        28
        28
        23
        28
        34
        29
        26
        32
        28
        33
        20
        28
        24
        22
        25
        28
        19
        21
        28
        19
        23
        15
        16
        27
        25
        17
        31
        18
        11
        25
        29
        28
        20
        29
        22
        21
        34
        26
        35
        19
        28
        22
        26
        15
        26
        19
        33
        27
        22
        26
        29
        22
        26
        31
        24
        20
        20
        27
        25
        28
        14
        25
        23
        26
        25
        25
        26
        23
        28
        21
        29
        20
        27
        26
        28
        20
        26
        14
        24
        23
        30
        17
        16
        25
        21
        22
        23
        29
        24
        19
        34
        20
        26
        27
        25
        25
        21
        22
        26
        19
        17
        17
        22
        26
        28
        22
        19
        31
        27
        25
        25
        24
        16
        21
        25
        17
        20
        23
        17
        19
        29
        26
        24
        21
        28
        26
        17
        16
        23
        15
        23
        15
        33
        26
        22
        25
        17
        21
        25
        26
        25
        18
        16
        14
        16
        22
        29
        25
        15
        15
        14
        18
        23
        24
        19
        21
        18
        22
        27
        26
        20
        15
        17
        17
        18
        16
        23
        19
        21
        19
        20
        24
        21
        22
        20
        14
        21
        28
        18
        19
        18
        21
        14
        12
        13
        16
        20
        20
        17
        20
        18
        14
        28
        14
        22
        13
        18
        23
        17
        16
        15
        27
        23
        16
        18
        25
        15
        17
        16
        16
        23
        16
        15
        22
        19
        12
        15
        15
        16
        12
        26
        21
        23
        20
        18
        16
        20
        22
        22
        17
        11
        17
        16
        18
        18
        19
        20
        20
        19
        14
        20
        22
        20
        16
        18
        13
        23
        15
        19
         5
        19
        27
        18
        14
        15
        19
        20
        14
        15
        12
        18
        23
        11
        12
        21
        16
        17
        10
        22
        12
        28
        17
        25
        20
        22
        13
        19
        23
        18
        14
        24
        13
        22
        24
        19
        18
        20
        17
        21
        27
        18
        13
        15
        21
        19
        19
        13
        20
        19
        10
        16
        29
        26
        20
        21
        10
        14
        19
        23
        19
        19
        27
        13
        15
        20
        19
        18
        14
        15
        15
        14
        19
        10
        12
        12
        20
        16
        15
        12
        17
        19
        22
        16
        20
        16
        16
        19
        16
        13
        20
        23
        17
        22
        12
        14
        18
        15
        12
        18
        17
        24
        19
        18
        16
        15
        16
        11
        18
        18
        11
        11
        19
        14
        10
        15
        10
        16
        12
        18
        15
        15
        21
        20
        18
        22
        20
        14
        21
        16
        13
        14
        17
        14
        22
        22
        21
        11
        13
        14
        15
        16
        13
        18
        15
        19
        16
        15
        10
        21
        12
        16
        22
         9
        19
        12
        21
        22
        14
        17
         9
        15
        19
        16
        11
        15
        12
        17
        15
        19
        17
        18
        14
        12
        11
        11
        15
         9
        17
        15
        18
        20
        18
        12
        13
        11
        19
        13
        11
        17
        10
        13
        13
         8
        15
        21
        12
        13
         7
        12
        14
        10
        11
        10
        15
         9
         9
        10
        10
        13
        14
        16
        12
        10
        11
        13
        10
         9
        13
         8
         4
        15
         6
        12
         8
        10
         9
        10
        10
        10
         6
         6
         9
         9
        11
         5
        14
         7
         4
         9
        12
         9
        10
        13
         8
         9
        11
         9
         8
         6
         4
        11
         7
         8
        10
        12
         8
         7
        10
         6
        12
         6
         7
         4
        10
         7
         6
         9
         6
         6
         6
         7
        12
         8
         5
        10
         5
         6
         8
         7
         4
         6
         8
         2
         4
         8
         9
         7
         6
         6
         2
         4
         5
         4
         5
         3
         9
         7
         0
         9
         3
         7
         9
        10
        10
         2
         7
         6
        11
         8
        11
         7
        11
         5
         5
         2
         7
         9
         8
         7
        12
         8
        10
        10
         4
         4
         6
        11
        13
         9
        14
        15
        12
        10
        11
         8
         5
        16
         5
        12
         4
        10
        14
         7
        13
         8
        16
         7
         9
        13
        11
        18
        12
         8
        18
        13
        11
         9
        10
        22
        15
        12
        18
        18
        15
        26
        17
        18
        20
        23
        14
        20
        19
        15
        26
        26
        22
        15
        24
        22
        16
        13
        24
        20
        21
        13
        28
        16
        22
        25
        14
        28
        16
        14
        14
        18
        19
        16
        26
        22
        26
        17
        21
        22
        27
        27
        27
        24
        18
        16
        22
        21
        21
        16
        19
        26
        20
        23
        22
        19
        25
        25
        19
        19
        20
        17
        22
        25
        29
        22
        21
        14
        25
        27
        24
        20
        27
        24
        18
        20
        20
        13
        20
        17
        16
        18
        18
        21
        26
        11
        15
        12
        24
        15
        16
        15
        23
        22
        17
        14
        14
        12
        13
        15
         5
        18
        16
        12
        11
        13
         7
         7
         9
         7
        14
        10
         8
        10
         5
        11
         9
         3
         9
         8
         8
        11
        11
         4
         2
         8
         6
         5
         5
         4
         5
         3
         5
         4
         3
         8
         5
         7
         6
         7
         4
         3
         4
         2
         3
         2
         0
         1
         5
         2
         3
         2
         3
         3
         5
         1
         7
         3
         1
         0
         2
         3
         0
         1
         0
         1
         2
         3
         2
         2
         0
         3
         4
         1
         1
         2
         0
         2
         1
         0
         1
         1
         0
         1
         0
         1
         0
         2
         1
         1
         1
         0
         0
         2
         0
         0
         0
         0
         0
         0
         0
         1
         0
         0
         0
         0
         1
         0
         0
         0
         0
         0
         0
         0
         0
         0
         1
         0
         0
         0
         0
         0
         0
         0
         0
         0
         0
         0
         0
         0
         0
         0
         0
         0
         0
         0
         0
         0
         0
         0
         0
         0
         0
         0
         0
         0
         0
         0
         0
         0
         0
         0
         0
         0
         0
         0
         0
         0
         0
         0
         0
         0
         0
         0
         0
         0
         0
         0
         0
         0
         0
         0
         0
         0
         0
         0
         0
         0
         0
         0
         0
         0
         0
         0
         0
         0
         0
         0
         0
         0
         0
         0
         0
         0
         0
         0
         0
         0
         0
         0
         0
         0
         0
         0
         0
         0
         0
         0
         0
         0
         0
         0
         0
         0
         0
         0
         0
         0
         0
         0
         0
         0
         0
         0
         0
         0
         0
         0
         0
         0
         0
         0
         0
         0
         0
         0
         0
         0
         0
         0
         0
         0
         0
         0
         0
         0
         0
         0
         0
         0
         0
         0
         0
         0
         0
         0
         0
         0
         0
         0
         0
         0
         0
         0
         0
         0
         0
         0
         0
         0
         0
         0
         0
         0
         0
         0
         0
         0
         0
         0
         0
         0
         0
         0
         0
         0
         0
         0
         0
         0
         0
         0
         0
         0
         0
         0
         0
         0
         0
         0
         0
         0
         0
         0
         0
         0
         0
         0
         0
         0
         0
         0
         0
         0
         0
         0
         0
         0
         0
         0
         0
         0
         0
         0
         0
         0
         0
         0
         0
         0
         0
         0
         0
         0
         0
         0
         0
         0
         0
         0
         0
         0
         0
         0
         0
         0
         0
         0
         0
         0
         0
         0
         0
         0
         0
         0
         0
         0
         0
         0
         0
         0
         0
         0
         0
         0
         0
         0
         0
         0
         0
         0
         0
         0
         0
         0
         0
         0
         0
         0
         0
         0
         0
         0
         0
         0
         0
         0
         0
         0
         0
         0
         0
         0
         0
         0
         0
         0
         0
         0
         0
         0
         0
         0
         0
         0
         0
         0
         0
         0
         0
         0
         0
         0
         0
         0
         0
         0
         0
         0
         0
         0
         0
         0
         0
         0
         0
         0
         0
         0
         0
         0
         0
         0
         0
         0
         0
         0
         0
         0
         0
         0
         0
         0
         0
         0
