         0
         0
         0
         0
         0
         0
         0
         0
         0
         0
      4273
      4441
      4417
      4476
      4538
      4528
      4560
      4553
      4618
      4627
      4514
      4550
      4536
      4460
      4606
      4641
      4582
      4639
      4599
      4733
      4561
      4764
      4712
      4660
      4735
      4732
      4704
      4602
      4801
      4750
      4828
      4774
      4772
      4909
      4826
      4758
      4838
      4749
      4691
      4766
      4772
      4817
      4765
      4784
      4687
      4752
      4980
      4930
      4772
      4936
      4820
      4962
      4885
      4997
      5022
      4978
      5112
      4932
      4962
      5117
      5132
      5228
      5148
      5232
      5264
      5340
      5335
      5419
      5371
      5463
      5553
      5644
      5640
      5759
      5716
      5750
      5959
      6020
      5985
      6057
      6242
      6307
      6416
      6378
      6537
      6716
      6737
      6776
      6705
      6867
      7078
      7204
      7168
      7425
      7420
      7540
      7726
      7789
      7806
      8077
      8190
      8429
      8281
      8323
      8498
      8707
      8613
      8851
      8944
      9068
      9139
      9201
      9321
      9519
      9639
      9481
      9616
      9834
      9844
      9798
      9790
      9881
     10090
     10166
      9886
     10260
     10124
     10282
     10488
     10462
     10344
     10385
     10495
     10509
     10537
     10651
     10804
     10642
     10895
     10595
     10953
     10764
     10918
     10866
     11009
     10920
     11112
     11095
     11270
     11180
     11005
     11114
     11087
     11331
     11229
     11558
     11451
     11398
     11390
     11300
     11721
     11561
     11700
     11866
     11821
     12150
     12136
     11960
     12325
     12508
     12280
     12505
     12630
     12597
     12791
     13015
     12769
     12804
     12943
     13201
     13052
     13243
     13325
     12909
     13285
     13263
     13172
     13421
     13210
     13161
     13092
     13214
     12998
     13126
     12911
     12951
     12824
     12994
     12895
     12952
     12777
     12810
     12777
     12488
     12638
     12347
     12480
     12383
     12447
     12426
     12238
     12209
     12279
     12301
     12045
     12227
     11996
     12052
     11895
     11939
     11738
     11843
     11946
     11734
     11574
     11632
     11584
     11600
     11573
     11657
     11511
     11263
     11426
     11143
     11238
     11212
     11333
     11220
     11214
     10973
     10762
     10851
     10885
     10677
     10729
     10866
     11024
     10806
     10961
     10734
     10574
     10589
     10635
     10558
     10699
     10614
     10537
     10416
     10485
     10457
     10442
     10354
     10142
     10167
     10172
     10266
     10254
     10190
      9981
     10176
      9952
      9991
      9987
     10049
      9907
      9705
      9820
      9940
      9928
      9610
      9756
      9680
      9777
      9699
      9637
      9638
      9572
      9573
      9607
      9570
      9493
      9460
      9252
      9388
      9158
      9429
      9291
      9311
      9400
      9060
      9251
      9252
      9173
      9189
      9212
      9178
      8932
      8939
      9065
      9050
      8986
      8948
      8987
      8928
      9164
      8696
      8800
      8905
      8923
      8622
      8737
      8728
      8736
      8688
      8788
      8513
      8533
      8646
      8586
      8533
      8488
      8558
      8579
      8288
      8483
      8535
      8304
      8324
      8414
      8402
      8335
      8296
      8245
      8284
      8321
      8222
      8215
      8257
      8239
      8211
      7999
      8204
      8043
      8166
      8078
      7963
      8147
      8090
      8093
      7982
      8137
      7949
      7880
      7949
      7918
      7874
      7847
      8075
      7772
      7854
      7932
      7843
      7666
      7826
      7777
      7789
      7725
      7699
      7772
      7645
      7809
      7693
      7728
      7594
      7735
      7638
      7704
      7812
      7563
      7700
      7829
      7560
      7509
      7572
      7673
      7577
      7569
      7636
      7663
      7610
      7555
      7599
      7599
      7365
      7567
      7534
      7615
      7415
      7351
      7510
      7466
      7485
      7360
      7545
      7448
      7310
      7428
      7527
      7670
      7442
      7280
      7433
      7556
      7370
      7516
      7456
      7423
      7496
      7395
      7222
      7519
      7335
      7368
      7349
      7320
      7292
      7212
      7221
      7293
      7176
      7099
      7174
      7136
      6926
      7049
      6889
      7035
      7045
      6855
      6702
      6734
      6973
      6868
      6694
      6669
      6638
      6617
      6570
      6494
      6370
      6286
      6346
      6254
      6240
      6292
      6041
      6108
      5948
      6124
      5796
      5850
      5650
      5656
      5575
      5724
      5614
      5424
      5348
      5295
      5202
      5177
      5198
      5120
      5057
      5003
      5011
      4997
      4897
      4940
      4725
      4770
      4899
      4733
      4753
      4623
      4630
      4653
      4420
      4569
      4437
      4434
      4417
      4328
      4444
      4351
      4430
      4208
      4478
      4323
      4268
      4141
      4205
      4250
      4429
      4160
      4110
      4150
      4124
      4020
      4156
      4005
      4001
      3975
      4132
      3907
      4099
      4115
      3977
      3949
      3938
      3990
      3879
      3884
      3927
      3934
      3860
      3989
      3971
      3845
      3800
      3964
      3905
      3871
      3792
      3822
      3786
      3773
      3843
      3876
      3795
      3780
      3790
      3832
      3774
      3741
      3844
      3678
      3825
      3737
      3682
      3773
      3791
      3756
      3777
      3777
      3757
      3769
      3709
      3604
      3735
      3744
      3723
      3582
      3580
      3740
      3645
      3724
      3738
      3687
      3690
      3741
      3839
      3766
      3763
      3737
      3726
      3900
      3911
      4034
      4010
      3950
      4134
      4092
      4198
      4250
      4387
      4681
      4719
      4777
      5064
      5157
      5279
      5587
      5768
      5962
      6366
      6605
      6825
      7088
      7536
      8042
      8264
      8830
      9169
      9731
     10349
     10657
     11377
     11923
     12527
     13073
     14074
     14565
     15459
     16270
     16891
     17870
     18480
     19108
     19780
     20948
     21714
     22347
     23268
     23781
     24884
     25911
     26274
     27179
     27369
     28349
     28763
     29307
     29658
     29952
     30600
     30864
     30962
     31017
     31252
     31233
     31148
     31517
     31110
     30674
     30654
     30264
     29866
     29661
     28644
     28430
     27615
     27173
     26316
     25615
     24944
     23849
     23019
     22241
     21511
     20625
     19771
     18741
     17788
     16904
     16170
     15292
     14368
     13727
     12841
     12067
     11254
     10570
      9844
      9017
      8401
      7837
      7266
      6731
      6201
      5628
      5164
      4708
      4318
      3898
      3531
      3273
      2905
      2628
      2423
      2201
      1971
      1681
      1525
      1387
      1219
      1045
       932
       834
       698
       612
       584
       466
       425
       406
       345
       293
       244
       193
       167
       161
       131
       110
        96
        73
        63
        54
        44
        42
        37
        23
        31
        24
        18
        10
         8
         8
         6
         8
         4
         5
         2
         5
         0
         1
         1
         1
         1
         0
         0
         0
         1
         0
         1
         0
         0
         1
         0
         0
         0
         0
         0
         0
         0
         0
         0
         0
         0
         0
         0
         0
         0
         0
         0
         0
         1
         0
         0
         0
         0
         0
         0
         0
         0
         0
         1
         0
         0
         0
         0
         0
         0
         0
         0
         0
         0
         0
         0
         0
         1
         0
         0
         0
         0
         0
         0
         1
         0
         0
         0
         0
         0
         0
         0
         0
         0
         0
         1
         0
         0
         0
         0
         0
         0
         0
         0
         0
         0
         0
         0
         0
         0
         0
         0
         0
         0
         0
         0
         1
         0
         0
         0
         0
         0
         0
         0
         1
         0
         0
         0
         0
         0
         0
         0
         0
         0
         0
         0
         0
         0
         0
         0
         0
         0
         0
         0
         0
         0
         0
         0
         0
         0
         0
         0
         1
         0
         0
         0
         0
         0
         0
         0
         0
         0
         0
         0
         0
         0
         0
         1
         0
         0
         0
         0
         1
         0
         0
         1
         0
         0
         0
         0
         0
         0
         0
         0
         0
         0
         0
         0
         0
         0
         0
         0
         0
         0
         0
         0
         0
         0
         0
         0
         0
         0
         0
         0
         0
         0
         0
         0
         0
         0
         0
         0
         0
         0
         0
         0
         0
         0
         0
         0
         0
         0
         0
         0
         0
         0
         0
         0
         0
         0
         0
         0
         0
         0
         0
         0
         0
         0
         0
         0
         0
         0
         0
         0
         0
         0
         0
         0
         0
         0
         0
         0
         0
         0
         0
         0
         0
         0
         0
         0
         0
         0
         0
         0
         0
         0
         0
         0
         0
         0
         0
         0
         0
         0
         0
         0
         0
         0
         0
         0
         0
         0
         0
         0
         0
         0
         0
         0
         0
         0
         0
         0
         0
         0
         0
         0
         0
         0
         0
         0
         0
         0
         0
         0
         0
         0
         0
         0
         0
         0
         0
         0
         0
         0
         0
         0
         0
         0
         0
         0
         0
         0
         0
         0
         0
         0
         0
         0
         0
         0
         0
         0
         0
         0
         0
         0
         0
         0
         0
         0
         0
         0
         0
         0
         0
         0
         0
         0
         0
         0
         0
         0
         0
         0
         0
         0
         0
         0
         0
         0
         0
         0
         0
         0
         0
         0
         0
         0
         0
         0
         0
         0
         0
         0
         0
         0
         0
         0
         0
         0
         0
         0
         0
         0
         0
         0
         0
         0
         0
         0
         0
         0
         0
         0
         0
         0
         0
         0
         0
         0
         0
         0
         0
         0
         0
         0
         0
         0
         0
         0
         0
         0
         0
         0
         0
         0
         0
         0
         0
         0
         0
         0
         0
         0
         0
         0
         0
         0
         0
         0
         0
         0
         0
         0
         0
         0
         0
         0
         0
         0
         0
         0
         0
         0
         0
         0
         0
         0
         0
         0
         0
         0
         0
         0
         0
         0
         0
         0
         0
         0
         0
         0
         0
         0
         0
         0
         0
         0
         0
         0
         0
         0
         0
         0
         0
         0
         0
         0
         0
         0
         0
         0
         0
         0
         0
         0
         0
         0
         0
         0
         0
         0
         0
         0
         0
         0
         0
         0
         0
         0
         0
         0
         0
         0
         0
         0
         0
         0
         0
         0
         0
         0
         0
         0
         0
         0
         0
         0
         0
         0
         0
         0
         0
         0
         0
         0
         0
         0
         0
         0
         0
         0
         0
         0
         0
         0
         0
         0
         0
         0
         0
         0
         0
         0
         0
         0
         0
         0
         0
         0
         0
         0
         0
         0
         0
         0
         0
         0
         0
         0
         0
         0
         0
         0
         0
         0
         0
         0
         0
         0
         0
         0
         0
         0
         0
         0
         0
         0
         0
         0
         0
         0
         0
         0
         0
         0
         0
         0
         0
         0
         0
         0
         0
         0
         0
         0
         0
         0
         0
         0
         0
         0
         0
         0
         0
         0
         0
         0
         0
         0
         0
         0
         0
         0
         0
         0
         0
         0
         0
         0
         0
         0
         0
         0
         0
         0
         0
         0
         0
         0
         0
         0
         0
         0
         0
         0
         0
         0
         0
         0
         0
         0
         0
         0
         0
         0
         0
         0
         0
         0
         0
         0
         0
         0
         0
         0
         0
         0
         0
         0
         0
         0
         0
         0
         0
         0
         0
         0
         0
         0
         0
         0
         0
         0
         0
         0
         0
         0
         0
         0
         0
         0
         0
         0
         0
         0
         0
         0
         0
         0
         0
         0
         0
         0
         0
         0
         0
         0
         0
         0
         0
         0
         0
         0
         0
         0
         0
         0
         0
         0
         0
         0
         0
         0
         0
         0
         0
         0
         0
         0
         0
         0
         0
         0
         0
         0
         0
         0
         0
         0
         0
         0
         0
         0
         0
         0
         0
         0
         0
         0
         0
         0
         0
         0
         0
         0
         0
         0
         0
         0
         0
         0
         0
         0
         0
         0
         0
         0
         0
         0
         0
         0
         0
         0
         0
         0
         0
         0
         0
         0
         0
         0
         0
         0
         0
         0
         0
         0
         0
         0
         0
         0
         0
         0
         0
         0
         0
         0
         0
         0
         0
         0
         0
         0
         0
         0
         0
         0
         0
         0
         0
         0
         0
         0
         0
         0
         0
         0
         0
         0
         0
         0
         0
         0
         0
         0
         0
         0
         0
         0
         0
         0
         0
         0
         0
         0
         0
         0
         0
         0
         0
         0
         0
         0
         0
         0
         0
         0
         0
         0
         0
         0
         0
         0
         0
         0
         0
         0
         0
         0
         0
         0
         0
         0
         0
         0
         0
         0
         0
         0
         0
         0
         0
         0
         0
         0
         0
         0
         0
         0
         0
         0
         0
         0
         0
         0
         0
         0
         0
         0
         0
         0
         0
         0
         0
         0
         0
         0
         0
         0
         0
         0
         0
         0
         0
         0
         0
         0
         0
         0
         0
         0
         0
         0
         0
         0
         0
         0
         0
         0
         0
         0
         0
         0
         0
         0
         0
         0
         0
         0
         0
         0
         0
         0
         0
         0
         0
         0
         0
         0
         0
         0
         0
         0
         0
         0
         0
         0
         0
         0
         0
         0
         0
         0
         0
         0
         0
         0
         0
         0
         0
         0
         0
         0
         0
         0
         0
         0
         0
         0
         0
         0
         0
         0
         0
         0
         0
         0
         0
         0
         0
         0
         0
         0
         0
         0
         0
         0
         0
         0
         0
         0
         0
         0
         0
         0
         0
         0
         0
         0
         0
         0
         0
         0
         0
         0
         0
         0
         0
         0
         0
         0
         0
         0
         0
         0
         0
         0
         0
         0
         0
         0
         0
         0
         0
         0
         0
         0
         0
         0
         0
         0
         0
         0
         0
         0
         0
         0
         0
         0
         0
         0
         0
         0
         0
         0
         0
         0
         0
         0
         0
         0
         0
         0
         0
         0
         0
         0
         0
         0
         0
         0
         0
         0
         0
         0
         0
         0
         0
         0
         0
         0
         0
         0
         0
         0
         0
         0
         0
         0
         0
         0
         0
         0
         0
         0
         0
         0
         0
         0
         0
         0
         0
         0
         0
         0
         0
         0
         0
         0
         0
         0
         0
         0
         0
         0
         0
         0
         0
         0
         0
         0
         0
         0
         0
         0
         0
         0
         0
         0
         0
         0
         0
         0
         0
         0
         0
         0
         0
         0
         0
         0
         0
         0
         0
         0
         0
         0
         0
         0
         0
         0
         0
         0
         0
         0
         0
         0
         0
         0
         0
         0
         0
         0
         0
         0
         0
         0
         0
         0
         0
         0
         0
         0
         0
         0
         0
         0
         0
         0
         0
         0
         0
         0
         0
         0
         0
         0
         0
         0
         0
         0
         0
         0
         0
         0
         0
         0
         0
         0
         0
         0
         0
         0
         0
         0
         0
         0
         0
         0
         0
         0
         0
         0
         0
         0
         0
         0
         0
         0
         0
         0
         0
         0
         0
         0
         0
         0
         0
         0
         0
         0
         0
         0
         0
         0
         0
         0
         0
         0
         0
         0
         0
         0
         0
         0
         0
         0
         0
         0
         0
         0
         0
         0
         0
         0
         0
         0
         0
         0
         0
         0
         0
         0
         0
         0
         0
         0
         0
         0
         0
         0
         0
         0
         0
         0
         0
         0
         0
         0
         0
         0
         0
         0
         0
         0
         0
         0
         0
         0
         0
         0
         0
         0
         0
         0
         0
         0
         0
         0
         0
         0
         0
         0
         0
         0
         0
         0
         0
         0
         0
         0
         0
         0
         0
         0
         0
         0
         0
         0
         0
         0
         0
         0
         0
         0
         0
         0
         0
         0
         0
         0
         0
         0
         0
         0
         0
         0
         0
         0
         0
         0
         0
         0
         0
         0
         0
         0
         0
         0
         0
         0
         0
         0
         0
         0
         0
         0
         0
         0
         0
         0
         0
         0
         0
         0
         0
         0
         0
         0
         0
         0
         0
         0
         0
         0
         0
         0
         0
         0
         0
         0
         0
         0
         0
         0
         0
         0
         0
         0
         0
         0
         0
         0
         0
         0
         0
         0
         0
         0
         0
         0
         0
         0
         0
         0
         0
         0
         0
         0
         0
         0
         0
         0
         0
         0
         0
         0
         0
         0
         0
         0
         0
         0
         0
         0
         0
         0
         0
         0
         0
         0
         0
         0
         0
         0
         0
         0
         0
         0
         0
         0
         0
         0
         0
         0
         0
         0
         0
         0
         0
         0
         0
         0
         0
         0
         0
         0
         0
         0
         0
         0
         0
         0
         0
         0
         0
         0
         0
         0
         0
         0
         0
         0
         0
         0
         0
         0
         0
         0
         0
         0
         0
         0
         0
         0
         0
         0
         0
         0
         0
         0
         0
         0
         0
         0
         0
         0
         0
         0
         0
         0
         0
         0
         0
         0
         0
         0
         0
         0
         0
         0
         0
         0
         0
         0
         0
         0
         0
         0
         0
         0
         0
         0
         0
         0
         0
         0
         0
         0
         0
         0
         0
         0
         0
         0
         0
         0
         0
         0
         0
         0
         0
         0
         0
         0
         0
         0
         0
         0
         0
         0
         0
         0
         0
         0
         0
         0
         0
         0
         0
         0
         0
         0
         0
         0
         0
         0
         0
         0
         0
         0
         0
         0
         0
         0
         0
         0
         0
         0
         0
         0
         0
         0
         0
         0
         0
         0
         0
         0
         0
         0
         0
         0
         0
         0
         0
         0
         0
         0
         0
         0
         0
         0
         0
         0
         0
         0
         0
         0
         0
         0
         0
         0
         0
         0
         0
         0
         0
         0
         0
         0
         0
         0
         0
         0
         0
         0
         0
         0
         0
         0
         0
         0
         0
         0
         0
         0
         0
         0
         0
         0
         0
         0
         0
         0
         0
         0
         0
         0
         0
         0
         0
         0
         0
         0
         0
         0
         0
         0
         0
         0
         0
         0
         0
         0
         0
         0
         0
         0
         0
         0
         0
         0
         0
         0
         0
         0
         0
         0
         0
         0
         0
         0
         0
         0
         0
         0
         0
         0
         0
         0
         0
         0
         0
         0
         0
         0
         0
         0
         0
         0
         0
         0
         0
         0
         0
         0
         0
         0
         0
         0
         0
         0
         0
         0
         0
         0
         0
         0
         0
         0
         0
         0
         0
         0
         0
         0
         0
         0
         0
         0
         0
         0
         0
         0
         0
         0
         0
         0
         0
         0
         0
         0
         0
         0
         0
         0
         0
         0
         0
         0
         0
         0
         0
         0
         0
         0
         0
         0
         0
         0
         0
         0
         0
         0
         0
         0
         0
         0
         0
         0
         0
         0
         0
         0
         0
         0
         0
         0
         0
         0
         0
         0
         0
         0
         0
         0
         0
         0
         0
         0
         0
         0
         0
         0
         0
         0
         0
         0
         0
         0
         0
         0
         0
         0
         0
         0
         0
         0
         0
         0
         0
         0
         0
         0
         0
         0
         0
         0
         0
         0
         0
         0
         0
         0
         0
         0
         0
         0
         0
         0
         0
         0
         0
         0
         0
         0
         0
         0
         0
         0
         0
         0
         0
         0
         0
         0
         0
         0
         0
         0
         0
         0
         0
         0
         0
         0
         0
         0
         0
         0
         0
         0
         0
         0
         0
         0
         0
         0
         0
         0
         0
         0
         0
         0
         0
         0
         0
         0
         0
         0
         0
         0
         0
         0
         0
         0
         0
         0
         0
         0
         0
         0
         0
         0
         0
         0
         0
         0
         0
         0
         0
         0
         0
         0
         0
         0
         0
         0
         0
         0
         0
         0
         0
         0
         0
         0
         0
         0
         0
         0
         0
         0
         0
         0
         0
         0
         0
         0
         0
         0
         0
         0
         0
         0
         0
         0
         0
         0
         0
         0
         0
         0
         0
         0
         0
         0
         0
         0
         0
         0
         0
         0
         0
         0
         0
         0
         0
         0
         0
         0
         0
         0
         0
         0
         0
         0
         0
         0
         0
         0
         0
         0
         0
         0
         0
         0
         0
         0
         0
         0
         0
         0
         0
         0
         0
         0
         0
         0
         0
         0
         0
         0
         0
         0
         0
         0
         0
         0
         0
         0
         0
         0
         0
         0
         0
         0
         0
         0
         0
         0
         0
         0
         0
         0
         0
         0
         0
         0
         0
         0
         0
         0
         0
         0
         0
         0
         0
         0
         0
         0
         0
         0
         0
         0
         0
         0
         0
         0
         0
         0
         0
         0
         0
         0
         0
         0
         0
         0
         0
         0
         0
         0
         0
         0
         0
         0
         0
         0
         0
         0
         0
         0
         0
         0
         0
         0
         0
         0
         0
         0
         0
         0
         0
         0
         0
         0
         0
         0
         0
         0
         0
         0
         0
         0
         0
         0
         0
         0
         0
         0
         0
         0
         0
         0
         0
         0
         0
         0
         0
         0
         0
         0
         0
         0
         0
         0
         0
         0
         0
         0
         0
         0
         0
         0
         0
         0
         0
         0
         0
         0
         0
         0
         0
         0
         0
         0
         0
         0
         0
         0
         0
         0
         0
         0
         0
         0
         0
         0
         0
         0
         0
         0
         0
         0
         0
         0
         0
         0
         0
         0
         0
         0
         0
         0
         0
         0
         0
         0
         0
         0
         0
         0
         0
         0
         0
         0
         0
         0
         0
         0
         0
         0
         0
         0
         0
         0
         0
         0
         0
         0
         0
         0
         0
         0
         0
         0
         0
         0
         0
         0
         0
         0
         0
         0
         0
         0
         0
         0
         0
         0
         0
         0
         0
         0
         0
         0
         0
         0
         0
         0
         0
         0
         0
         0
         0
         0
         0
         0
         0
         0
         0
         0
         0
         0
         0
         0
         0
         0
         0
         0
         0
         0
         0
         0
         0
         0
         0
         0
         0
         0
         0
         0
         0
         0
         0
         0
         0
         0
         0
         0
         0
         0
         0
         0
         0
         0
         0
         0
         0
         0
         0
         0
         0
         0
         0
         0
         0
         0
         0
         0
         0
         0
         0
         0
         0
         0
         0
         0
         0
         0
         0
         0
         0
         0
         0
