         0
         0
         0
         0
         0
         0
         0
         0
         0
         0
      2573
      2587
      2600
      2649
      2540
      2660
      2553
      2549
      2540
      2511
      2601
      2546
      2544
      2497
      2500
      2519
      2520
      2531
      2475
      2578
      2524
      2582
      2632
      2516
      2584
      2580
      2519
      2608
      2526
      2612
      2580
      2667
      2674
      2799
      2527
      2590
      2634
      2615
      2451
      2638
      2624
      2591
      2544
      2459
      2499
      2550
      2519
      2450
      2449
      2373
      2351
      2494
      2346
      2355
      2314
      2508
      2432
      2430
      2388
      2342
      2448
      2358
      2429
      2380
      2313
      2441
      2350
      2329
      2474
      2395
      2402
      2438
      2390
      2454
      2410
      2493
      2472
      2517
      2542
      2536
      2522
      2527
      2560
      2562
      2543
      2595
      2656
      2559
      2547
      2560
      2557
      2572
      2596
      2616
      2575
      2641
      2611
      2616
      2697
      2641
      2620
      2595
      2674
      2793
      2696
      2691
      2784
      2658
      2738
      2663
      2698
      2734
      2782
      2688
      2660
      2751
      2615
      2744
      2723
      2704
      2702
      2767
      2640
      2629
      2720
      2763
      2691
      2694
      2673
      2690
      2624
      2703
      2738
      2726
      2709
      2631
      2628
      2625
      2777
      2688
      2731
      2665
      2696
      2743
      2782
      2803
      2777
      2836
      2795
      2752
      2825
      2839
      2810
      2795
      2863
      2815
      2809
      2904
      2730
      2913
      2843
      2836
      2821
      2852
      2775
      2758
      2681
      2828
      2872
      2783
      2790
      2813
      2789
      2781
      2655
      2764
      2795
      2736
      2713
      2812
      2708
      2788
      2712
      2796
      2639
      2828
      2802
      2709
      2768
      2822
      2863
      2932
      2845
      2960
      3012
      3052
      3047
      3246
      3063
      3131
      3343
      3184
      3226
      3284
      3304
      3345
      3295
      3354
      3445
      3480
      3336
      3424
      3447
      3429
      3569
      3565
      3465
      3535
      3709
      3442
      3602
      3626
      3669
      3581
      3543
      3587
      3617
      3587
      3602
      3474
      3492
      3513
      3588
      3613
      3553
      3707
      3566
      3634
      3578
      3601
      3504
      3461
      3478
      3340
      3446
      3466
      3366
      3418
      3356
      3459
      3431
      3363
      3277
      3351
      3407
      3260
      3332
      3238
      3315
      3356
      3317
      3175
      3379
      3266
      3318
      3304
      3394
      3335
      3409
      3264
      3224
      3256
      3327
      3330
      3302
      3305
      3277
      3261
      3331
      3199
      3326
      3343
      3279
      3324
      3302
      3283
      3303
      3322
      3271
      3273
      3258
      3324
      3255
      3224
      3236
      3199
      3340
      3339
      3260
      3182
      3144
      3155
      3190
      3151
      3132
      3085
      3157
      3244
      3131
      3056
      3149
      3086
      3105
      3073
      3046
      3190
      3064
      3050
      2987
      3152
      3068
      2988
      3065
      3072
      3021
      3013
      2950
      2996
      2926
      3114
      2934
      2970
      3013
      3015
      3040
      2991
      3099
      2982
      2931
      2971
      2948
      2910
      2940
      2986
      3046
      3004
      2968
      2915
      3010
      3036
      3047
      2920
      2940
      3057
      3077
      2942
      2963
      2943
      2927
      2988
      2951
      2982
      3032
      3038
      3035
      2945
      3040
      3096
      3050
      3041
      3112
      3035
      3082
      2961
      3077
      2924
      2872
      3037
      3033
      2985
      2913
      3002
      3108
      2989
      3033
      3036
      3023
      3041
      3048
      3111
      3023
      3075
      2997
      2919
      2956
      3176
      3066
      3040
      3055
      3038
      2992
      3076
      2960
      3026
      3011
      3042
      2997
      3050
      3002
      3042
      3004
      2912
      2985
      2950
      2934
      2994
      2884
      3089
      3019
      2963
      2930
      2944
      2964
      2984
      3013
      3087
      2984
      2909
      2962
      2947
      3001
      3026
      3017
      2919
      2943
      2933
      2968
      3011
      2814
      2930
      2987
      2964
      2988
      2962
      3042
      2951
      3015
      2892
      2890
      2854
      3009
      2947
      2908
      2884
      2911
      2923
      2957
      2927
      2881
      2906
      3009
      3036
      2984
      2954
      3022
      2935
      3060
      2910
      2967
      2951
      2928
      2969
      2989
      2970
      3006
      2916
      2928
      2943
      3046
      2975
      2936
      2986
      2945
      2997
      2814
      2933
      2937
      2963
      2845
      2975
      2944
      2870
      2984
      3006
      2887
      2955
      2934
      2923
      2982
      2906
      3013
      2923
      2964
      2935
      3062
      2849
      2867
      2875
      2934
      2952
      3040
      2995
      2877
      2894
      2977
      2916
      2995
      2931
      2905
      2945
      3046
      2890
      3023
      3046
      3000
      2899
      2990
      2892
      2899
      3018
      2981
      2990
      2925
      2938
      3006
      2942
      2974
      3048
      2939
      2979
      3038
      2973
      2954
      2971
      2933
      3091
      2979
      3058
      2934
      3073
      2961
      2974
      2950
      2983
      2987
      2953
      2937
      2972
      2946
      2933
      2911
      2943
      3019
      2896
      2989
      2973
      2972
      2968
      2975
      3003
      2992
      2994
      2999
      2948
      2942
      3017
      2988
      2988
      2984
      2824
      2959
      3043
      2966
      3050
      2976
      3043
      2989
      2956
      3011
      3064
      3113
      2964
      3053
      3034
      2940
      2982
      3069
      2958
      2954
      3009
      3081
      2999
      2961
      3017
      3154
      3038
      3123
      3088
      3078
      3116
      3027
      3096
      3107
      3099
      3015
      3051
      3162
      3146
      3078
      3165
      3076
      3133
      3116
      3138
      3101
      3149
      3084
      3143
      3130
      3160
      3075
      3164
      3154
      3092
      3190
      3141
      3154
      3064
      3087
      3009
      3019
      3120
      3074
      3212
      3004
      3153
      3079
      3086
      3165
      3049
      3168
      3152
      3050
      3106
      3119
      3138
      3143
      3211
      3123
      3186
      3092
      3161
      3152
      3199
      3172
      3174
      3225
      3257
      3255
      3179
      3184
      3193
      3243
      3197
      3261
      3184
      3161
      3219
      3178
      3240
      3088
      3138
      3195
      3144
      3230
      3233
      3217
      3039
      3189
      3290
      3248
      3095
      3151
      3294
      3141
      3299
      3266
      3256
      3224
      3203
      3233
      3247
      3312
      3197
      3308
      3139
      3397
      3220
      3161
      3220
      3302
      3180
      3314
      3281
      3286
      3172
      3180
      3267
      3204
      3281
      3354
      3314
      3226
      3062
      3351
      3265
      3168
      3338
      3211
      3315
      3443
      3287
      3181
      3287
      3295
      3284
      3396
      3340
      3259
      3276
      3334
      3183
      3185
      3328
      3293
      3315
      3408
      3372
      3354
      3326
      3357
      3367
      3506
      3359
      3371
      3437
      3489
      3287
      3352
      3304
      3401
      3355
      3385
      3343
      3449
      3376
      3435
      3472
      3378
      3461
      3494
      3467
      3473
      3430
      3503
      3457
      3493
      3533
      3592
      3455
      3466
      3447
      3502
      3441
      3538
      3470
      3638
      3415
      3506
      3513
      3486
      3621
      3449
      3606
      3497
      3637
      3592
      3656
      3613
      3667
      3563
      3575
      3640
      3639
      3619
      3659
      3611
      3672
      3700
      3635
      3680
      3584
      3650
      3575
      3675
      3716
      3714
      3686
      3757
      3674
      3693
      3747
      3705
      3624
      3915
      3783
      3689
      3660
      3785
      3812
      3725
      3746
      3776
      3702
      3807
      3659
      3799
      3867
      3808
      3745
      3765
      3780
      3716
      3835
      3741
      3885
      3735
      3837
      3762
      3843
      3801
      3784
      3785
      3760
      3880
      3859
      3849
      3978
      3921
      3835
      3821
      3786
      3903
      3838
      3944
      4117
      3857
      3895
      3888
      3979
      3947
      3963
      3996
      3940
      3977
      3946
      4000
      3924
      3955
      3984
      3926
      4039
      4010
      4014
      3959
      4168
      4073
      3982
      4022
      4074
      4112
      4010
      4102
      3974
      4076
      4027
      3956
      4171
      4057
      4121
      4082
      4057
      3994
      4018
      4073
      4111
      3977
      4102
      4093
      4093
      4082
      4158
      3947
      4137
      4158
      4029
      4033
      3987
      3942
      4032
      3975
      3998
      3967
      3985
      4068
      4032
      3850
      4074
      3910
      3915
      3854
      3899
      3852
      3923
      3799
      3825
      3919
      3763
      3802
      3844
      3816
      3712
      3733
      3713
      3674
      3665
      3676
      3815
      3576
      3609
      3695
      3466
      3569
      3596
      3450
      3380
      3413
      3437
      3456
      3360
      3343
      3294
      3201
      3385
      3287
      3260
      3099
      3338
      3228
      3209
      3191
      3067
      3050
      3031
      3099
      3078
      2972
      2954
      2892
      2943
      2939
      2970
      2898
      2939
      2862
      2881
      2977
      2872
      2825
      2812
      2840
      2871
      2797
      2836
      2780
      2728
      2782
      2741
      2736
      2620
      2673
      2728
      2773
      2679
      2676
      2657
      2688
      2632
      2715
      2630
      2541
      2670
      2673
      2682
      2526
      2643
      2648
      2605
      2625
      2635
      2558
      2639
      2531
      2747
      2621
      2593
      2583
      2622
      2563
      2566
      2597
      2557
      2561
      2528
      2601
      2604
      2553
      2608
      2615
      2553
      2581
      2466
      2597
      2578
      2634
      2572
      2615
      2606
      2535
      2493
      2489
      2516
      2411
      2558
      2509
      2473
      2541
      2541
      2428
      2656
      2496
      2529
      2529
      2619
      2564
      2532
      2500
      2506
      2516
      2574
      2582
      2535
      2668
      2532
      2532
      2672
      2607
      2647
      2641
      2695
      2667
      2659
      2780
      2800
      2733
      2834
      2807
      2922
      3016
      2901
      3059
      3067
      3064
      3276
      3198
      3424
      3486
      3562
      3560
      3578
      3580
      3829
      3976
      4077
      4206
      4379
      4561
      4532
      4732
      4732
      5061
      5119
      5339
      5530
      5707
      5862
      6045
      6178
      6425
      6564
      6776
      6994
      7173
      7384
      7579
      7782
      7927
      8175
      8596
      8543
      8852
      9202
      9420
      9654
      9701
     10046
     10070
     10464
     10712
     10924
     11024
     11180
     11347
     11741
     11738
     12163
     12142
     12486
     12729
     12693
     12895
     12704
     13095
     13092
     13210
     13412
     13622
     13379
     13613
     13603
     13685
     13625
     13655
     13654
     13548
     13718
     13353
     13559
     13439
     13178
     12984
     13109
     12976
     12944
     12738
     12503
     12526
     12127
     12039
     11962
     11563
     11336
     11192
     11167
     10864
     10661
     10364
     10183
      9911
      9697
      9261
      9176
      8976
      8528
      8356
      8095
      7923
      7644
      7516
      7324
      7058
      6777
      6330
      6143
      5899
      5694
      5595
      5272
      5202
      4960
      4669
      4463
      4196
      4171
      3811
      3753
      3658
      3404
      3225
      3106
      2966
      2905
      2699
      2517
      2466
      2424
      2229
      2179
      2146
      1975
      1889
      1851
      1837
      1847
      1642
      1681
      1611
      1604
      1518
      1592
      1519
      1599
      1571
      1571
      1587
      1589
      1594
      1645
      1673
      1661
      1750
      1831
      1839
      1944
      2035
      1934
      2085
      2149
      2279
      2399
      2443
      2571
      2611
      2670
      2871
      3032
      3055
      3233
      3450
      3511
      3724
      3772
      4034
      4141
      4244
      4446
      4462
      4729
      5024
      5070
      5319
      5424
      5538
      5675
      5934
      6255
      6374
      6581
      6740
      6922
      7019
      7190
      7358
      7626
      7745
      8119
      8117
      8175
      8545
      8682
      8659
      9071
      9299
      9188
      9291
      9374
      9712
      9644
      9817
     10032
     10081
     10127
     10324
     10194
     10499
     10549
     10477
     10589
     10594
     10591
     10631
     10551
     10663
     10828
     10796
     10546
     10767
     10399
     10748
     10480
     10235
     10247
     10340
     10279
     10095
      9753
      9794
      9478
      9525
      9478
      9036
      9196
      9006
      8932
      8601
      8534
      8371
      8065
      8070
      7805
      7747
      7511
      7382
      7263
      6889
      6851
      6601
      6466
      6209
      5964
      5822
      5563
      5511
      5257
      5107
      4887
      4642
      4603
      4357
      4240
      4162
      4011
      3756
      3634
      3409
      3202
      3155
      3181
      2905
      2764
      2623
      2520
      2355
      2199
      2117
      2113
      2001
      1918
      1761
      1695
      1497
      1427
      1382
      1300
      1283
      1189
      1153
      1081
      1016
       891
       852
       819
       772
       694
       656
       603
       593
       531
       467
       482
       429
       411
       377
       334
       327
       268
       306
       242
       243
       216
       200
       175
       175
       171
       126
       146
       111
        98
        92
        93
        73
        75
        82
        63
        73
        56
        56
        39
        44
        30
        41
        34
        32
        31
        28
        21
        19
        11
        17
        17
        14
        15
        13
         7
        10
        10
         5
         7
         3
         1
         2
         3
         3
         5
         1
         2
         3
         0
         2
         3
         1
         3
         1
         3
         2
         3
         3
         1
         1
         0
         1
         0
         1
         0
         0
         2
         0
         1
         0
         0
         1
         0
         0
         0
         1
         0
         1
         1
         0
         0
         0
         0
         0
         0
         0
         0
         0
         1
         0
         0
         0
         0
         0
         0
         0
         0
         0
         0
         1
         0
         0
         1
         1
         0
         0
         0
         0
         0
         1
         1
         0
         1
         0
         0
         1
         0
         0
         1
         0
         0
         0
         0
         0
         0
         1
         1
         0
         1
         2
         0
         1
         0
         0
         0
         0
         0
         1
         0
         0
         0
         0
         0
         0
         1
         1
         1
         0
         0
         1
         0
         0
         0
         0
         1
         2
         1
         0
         2
         0
         0
         0
         0
         0
         1
         2
         3
         0
         0
         0
         0
         0
         0
         1
         1
         0
         0
         2
         1
         0
         1
         0
         1
         0
         1
         2
         1
         0
         0
         0
         0
         0
         1
         1
         0
         1
         0
         0
         0
         0
         0
         1
         1
         0
         0
         0
         1
         0
         0
         1
         0
         0
         0
         1
         2
         0
         0
         2
         1
         0
         0
         0
         0
         0
         0
         0
         0
         0
         0
         1
         0
         0
         0
         0
         1
         0
         0
         0
         0
         0
         0
         0
         0
         1
         0
         0
         0
         1
         0
         0
         0
         0
         0
         0
         0
         2
         1
         0
         0
         0
         1
         0
         0
         0
         1
         1
         0
         0
         0
         0
         2
         1
         0
         1
         2
         0
         1
         1
         1
         0
         1
         0
         0
         1
         0
         0
         0
         2
         1
         0
         0
         1
         0
         2
         4
         1
         3
         2
         1
         0
         1
         1
         0
         1
         2
         5
         3
         0
         1
         3
         1
         2
         3
         2
         3
         1
         1
         1
         3
         2
         1
         1
         2
         2
         3
         1
         0
         3
         2
         1
         2
         2
         1
         3
         1
         2
         1
         2
         2
         1
         5
         4
         1
         1
         2
         2
         3
         3
         4
         1
         2
         4
         3
         1
         1
         2
         1
         6
         2
         2
         2
         4
         4
         0
         3
         1
         2
         1
         3
         1
         2
         6
         2
         1
         1
         2
         2
         5
         1
         1
         2
         1
         1
         3
         2
         4
         2
         3
         1
         1
         2
         2
         2
         4
         3
         3
         1
         2
         2
         1
         0
         0
         2
         2
         0
         0
         2
         2
         1
         1
         1
         2
         1
         1
         1
         2
         1
         1
         0
         0
         2
         0
         1
         1
         1
         2
         2
         0
         0
         1
         0
         0
         1
         1
         1
         0
         1
         0
         0
         2
         1
         1
         0
         0
         2
         1
         0
         1
         0
         1
         0
         1
         0
         0
         0
         0
         0
         0
         0
         0
         1
         1
         0
         1
         1
         0
         1
         0
         0
         0
         0
         0
         0
         0
         0
         0
         1
         0
         0
         0
         0
         0
         0
         0
         1
         1
         0
         0
         1
         0
         0
         0
         2
         1
         1
         0
         0
         0
         0
         1
         0
         0
         0
         0
         0
         0
         0
         2
         0
         0
         0
         1
         0
         0
         0
         0
         0
         1
         0
         2
         1
         0
         0
         0
         0
         0
         1
         0
         0
         2
         0
         1
         0
         0
         0
         1
         0
         0
         2
         1
         0
         0
         1
         2
         0
         0
         1
         0
         0
         1
         0
         0
         0
         0
         0
         0
         0
         1
         0
         0
         1
         0
         1
         0
         1
         0
         0
         0
         0
         0
         0
         0
         0
         2
         0
         0
         1
         0
         0
         0
         1
         1
         0
         0
         1
         0
         0
         0
         0
         1
         0
         1
         0
         0
         0
         1
         0
         2
         1
         0
         0
         0
         1
         0
         0
         0
         0
         1
         0
         0
         0
         0
         0
         0
         1
         0
         0
         0
         1
         1
         2
         1
         0
         0
         0
         0
         0
         0
         0
         0
         0
         0
         0
         0
         1
         2
         2
         0
         0
         1
         1
         1
         0
         1
         0
         1
         0
         0
         0
         1
         1
         0
         0
         0
         0
         0
         0
         0
         0
         0
         1
         0
         1
         0
         0
         0
         0
         0
         0
         1
         0
         0
         2
         0
         0
         0
         2
         0
         0
         1
         0
         0
         0
         1
         1
         1
         0
         0
         2
         0
         1
         0
         0
         0
         0
         0
         1
         0
         0
         0
         0
         1
         0
         0
         0
         1
         1
         1
         0
         0
         0
         0
         0
         0
         0
         0
         0
         0
         0
         0
         0
         1
         2
         0
         1
         0
         1
         0
         1
         3
         2
         1
         2
         0
         0
         0
         0
         1
         1
         1
         3
         0
         1
         0
         1
         0
         0
         0
         1
         1
         1
         0
         1
         0
         0
         0
         1
         0
         0
         0
         0
         1
         1
         1
         2
         0
         0
         1
         1
         0
         1
         0
         0
         0
         1
         0
         0
         0
         0
         1
         2
         2
         0
         1
         1
         1
         1
         1
         1
         2
         3
         0
         2
         2
         0
         3
         0
         2
         1
         1
         1
         0
         0
         0
         1
         1
         0
         1
         0
         0
         0
         1
         1
         0
         0
         1
         0
         0
         1
         0
         3
         0
         0
         0
         2
         0
         0
         0
         2
         0
         0
         0
         0
         0
         0
         0
         0
         0
         0
         0
         1
         0
         0
         0
         1
         1
         3
         0
         0
         0
         0
         0
         1
         0
         0
         0
         0
         0
         1
         0
         0
         0
         1
         0
         0
         0
         0
         1
         0
         0
         2
         1
         0
         0
         0
         0
         0
         0
         0
         0
         0
         0
         0
         0
         0
         0
         0
         0
         0
         0
         0
         0
         0
         0
         0
         0
         1
         1
         0
         0
         0
         0
         0
         0
         1
         0
         0
         0
         1
         0
         0
         0
         0
         0
         0
         0
         0
         0
         0
         0
         0
         0
         0
         0
         0
         0
         0
         0
         0
         1
         1
         0
         0
         0
         0
         1
         0
         0
         0
         0
         0
         0
         0
         0
         0
         0
         0
         0
         0
         0
         0
         0
         0
         1
         0
         0
         1
         0
         0
         0
         0
         0
         0
         0
         0
         0
         0
         0
         0
         0
         0
         0
         0
         0
         0
         0
         0
         0
         0
         0
         0
         0
         0
         1
         0
         0
         1
         0
         0
         0
         0
         0
         0
         2
         0
         0
         0
         0
         0
         1
         1
         0
         0
         0
         0
         1
         1
         0
         0
         0
         0
         1
         0
         0
         1
         0
         0
         0
         0
         1
         0
         1
         0
         0
         1
         0
         0
         0
         0
         0
         0
         0
         0
         1
         1
         0
         0
         0
         0
         1
         0
         0
         0
         1
         0
         0
         0
         0
         1
         0
         0
         0
         0
         3
         0
         1
         1
         0
         1
         1
         0
         0
         0
         0
         1
         0
         2
         0
         1
         1
         1
         0
         0
         1
         0
         2
         1
         2
         0
         1
         0
         4
         0
         2
         1
         1
         0
         0
         2
         1
         0
         1
         0
         0
         0
         1
         0
         2
         1
         0
         0
         1
         0
         1
         1
         0
         0
         1
         1
         0
         0
         0
         0
         0
         0
         0
         0
         1
         0
         0
         0
         0
         0
         0
         1
         1
         0
         1
         0
         0
         0
         0
         3
         1
         0
         0
         0
         0
         0
         1
         0
         0
         0
         1
         1
         1
         0
         1
         0
         0
         0
         0
         0
         0
         0
         0
         0
         0
         0
         0
         0
         0
         0
         1
         0
         0
         0
         0
         0
         0
         0
         0
         0
         0
         0
         0
         0
         0
         0
         0
         0
         0
         0
         0
         0
         0
         0
         0
         0
         0
         0
         0
         1
         0
         0
         0
         0
         0
         0
         0
         0
         0
         0
         0
         0
         0
         0
         0
         0
         0
         0
         0
         0
         0
         0
         0
         0
         0
         0
         0
         0
         0
         0
         0
         0
         0
         0
         0
         0
         0
         0
         0
         0
         0
         0
         0
         0
         0
         0
         0
         0
         0
         0
         0
         0
         0
         0
         0
         0
         0
         0
         0
         0
         0
         0
         0
         0
         0
         0
         0
         0
         0
         0
         0
         0
         0
         0
         0
         0
         0
         0
         0
         0
         0
         0
         0
         0
         0
         0
         0
         0
         0
         0
         0
         0
         0
         0
         0
         0
         0
         0
         0
         0
         0
         0
         0
         0
         0
         0
         0
         0
         0
         0
         0
         0
         0
         0
         0
         0
         0
         0
         0
         0
         0
         0
         0
         0
         0
         0
         0
         0
         0
         0
         0
         0
         0
         0
         0
         0
         0
         0
         0
         0
         0
         0
         0
         0
         0
         0
         0
         0
         0
         0
         0
         0
         0
         0
         0
         0
         0
         0
         0
         0
         0
         0
         0
         0
         0
         0
         0
         0
         0
         0
         0
         0
         0
         0
         0
         0
         0
         0
         0
         0
         0
         0
         0
         0
         0
         0
         0
         0
         0
         0
         0
         0
         0
         0
         0
         0
         0
         0
         0
         0
         0
         0
         0
         0
         0
         0
         0
         0
         0
         0
         0
         0
         0
         0
         0
         0
         0
         0
         0
         0
         0
         0
         0
         0
         0
         0
         0
         0
         0
         0
         0
         0
         0
         0
         0
         0
         0
         0
         0
         0
         0
         0
         0
         0
         0
         0
         0
         0
         0
         0
         0
         0
         0
         0
         0
         0
         0
         0
         0
         0
         0
         0
         0
         0
         0
         0
         0
         0
         0
         0
         0
         0
         0
         0
         0
         0
         0
         0
         0
         0
         0
         0
         0
         0
         0
         0
         0
         0
         0
         0
         0
         0
         0
         0
         0
         0
         0
         0
         0
         0
         0
         0
         0
         0
         0
         0
         0
         0
         0
         0
         0
         0
         0
         0
         0
         0
         0
         0
         0
         0
         0
         0
         0
         0
         0
         0
         0
         0
         0
         0
         0
         0
         0
         0
         0
         0
         0
         0
         0
         0
         0
         0
         0
         0
         0
         0
         0
         0
         0
         0
         0
         0
         0
         0
         0
         0
         0
         0
         0
         0
         0
         0
         0
         0
         0
         0
         0
         0
         0
         0
         0
         0
         0
         0
         0
         0
         0
