         0
         0
         0
         0
         0
         0
         0
         0
         0
         0
     13912
     14186
     13962
     14301
     14425
     14381
     14397
     14294
     14291
     14445
     14647
     14528
     14413
     14607
     14496
     14524
     14658
     14530
     14685
     14786
     14511
     14720
     14789
     14734
     14861
     14832
     14886
     15264
     15147
     15064
     15019
     15006
     14930
     14987
     15070
     14975
     15115
     14851
     15093
     15412
     15236
     15214
     15096
     15091
     15258
     15344
     15173
     15138
     15153
     15091
     15310
     15122
     15437
     15330
     15563
     15698
     15614
     16032
     15838
     16035
     15989
     15938
     15950
     16418
     16521
     16702
     16788
     16773
     16957
     17069
     17247
     17555
     17549
     17709
     18121
     18463
     18684
     18714
     18931
     19308
     19455
     19627
     19641
     20257
     20569
     20958
     21108
     21432
     21717
     22217
     22623
     22292
     23206
     23262
     23848
     24256
     24598
     24559
     24929
     25380
     25410
     26301
     26302
     27023
     27063
     27374
     27794
     28208
     28680
     28872
     29335
     29488
     29875
     30278
     30454
     30758
     30888
     31000
     31448
     31511
     32114
     32375
     32441
     33086
     33028
     33176
     33543
     33759
     33620
     33946
     34007
     34180
     34551
     34892
     34537
     34877
     35298
     35308
     35828
     35650
     35668
     35786
     36038
     35883
     35943
     35882
     36192
     36330
     36215
     36325
     36354
     36315
     36551
     36416
     36770
     36337
     36831
     37111
     36868
     36753
     36609
     36710
     36704
     36939
     36736
     36796
     36861
     37207
     37150
     37070
     37186
     37085
     36993
     37007
     37161
     37066
     36783
     37245
     37134
     37268
     37087
     37071
     37096
     37230
     37506
     37095
     37143
     37109
     37112
     37150
     37314
     37386
     37450
     37654
     37410
     37605
     37732
     37638
     37589
     37814
     38546
     38242
     38039
     37812
     38130
     38087
     38107
     37940
     37909
     38077
     37975
     37775
     37923
     37745
     37787
     37891
     37923
     37668
     37617
     37522
     37614
     37264
     37292
     37164
     36930
     37213
     36632
     36371
     36509
     36070
     36037
     36023
     35951
     35837
     35943
     35593
     35227
     35186
     35225
     35377
     35197
     34688
     34856
     34523
     34524
     34548
     34492
     34285
     34246
     34195
     33980
     33664
     33576
     33451
     33384
     33398
     33379
     33128
     33145
     32953
     32802
     32660
     32796
     32514
     32487
     32553
     31925
     32413
     32418
     31966
     31948
     31849
     31662
     31729
     31556
     31303
     31167
     31280
     31187
     31248
     31141
     30803
     30721
     30917
     30713
     30441
     30439
     30407
     30130
     30359
     29947
     29740
     29807
     29900
     29615
     29561
     29637
     29323
     29076
     29370
     29274
     29181
     29165
     28808
     29109
     28873
     29025
     28760
     28655
     28447
     28129
     28275
     27766
     27994
     28290
     27895
     27480
     27866
     27833
     27678
     27871
     27529
     27271
     27360
     27266
     27282
     26879
     27258
     26949
     26909
     26657
     26593
     26407
     26569
     26637
     26310
     26101
     25993
     25944
     26364
     25989
     26235
     25961
     25624
     25404
     25639
     25540
     25432
     25469
     25665
     25260
     25451
     25429
     24854
     24990
     24678
     24422
     24826
     24667
     24672
     24793
     24381
     24717
     24377
     24648
     24277
     24171
     23902
     24309
     23826
     23804
     23833
     23703
     23929
     23734
     23513
     23636
     23558
     23414
     23489
     23447
     23690
     23225
     23048
     23081
     22945
     22913
     23145
     23037
     22955
     22890
     22843
     22521
     22647
     22722
     22600
     22353
     22581
     22275
     22365
     22209
     22055
     22178
     21765
     21889
     21897
     21923
     21515
     21929
     21616
     21514
     21528
     21644
     21411
     21488
     21666
     21455
     21099
     21495
     21113
     21063
     21059
     21040
     21036
     20887
     20743
     20770
     20711
     20866
     20656
     20637
     20804
     20547
     20648
     20357
     20221
     20027
     20509
     20228
     20317
     20374
     19815
     20169
     20093
     19801
     19803
     19873
     19761
     19735
     19789
     19575
     19955
     19704
     19696
     19593
     19538
     19418
     19504
     19333
     19070
     19418
     19169
     19344
     19328
     19259
     19125
     19269
     18830
     18933
     19049
     18938
     18907
     19034
     18575
     18978
     18841
     18634
     18715
     18789
     18590
     18780
     18456
     18573
     18702
     18423
     18729
     18650
     18166
     18665
     18495
     18461
     18179
     18396
     18270
     18372
     18358
     18195
     18210
     18032
     18092
     18158
     17940
     18233
     18106
     17796
     17979
     18029
     18083
     17833
     18048
     17656
     17630
     17758
     17696
     17573
     17555
     17731
     17413
     17286
     17382
     17336
     17522
     17185
     17030
     17509
     17227
     16844
     16980
     17092
     17211
     17016
     16970
     16846
     16872
     16762
     16717
     16584
     16712
     16718
     16648
     16382
     16694
     16801
     16634
     16507
     16503
     16576
     16229
     16258
     16387
     16148
     16264
     16289
     16206
     16232
     16205
     16200
     16137
     16048
     16138
     16242
     16001
     16039
     15885
     15894
     15980
     15851
     15741
     15821
     15757
     15742
     15725
     15506
     15872
     15811
     15501
     15637
     15614
     15699
     15774
     15566
     15583
     15314
     15382
     15482
     15607
     15463
     15297
     15280
     15416
     15401
     15165
     15333
     15358
     15236
     15213
     15271
     15297
     15319
     15197
     15242
     15062
     15309
     15290
     14807
     15058
     14923
     15195
     15346
     14945
     14962
     14789
     15097
     15114
     14900
     14995
     15013
     14829
     14986
     14991
     14811
     14788
     15087
     14552
     14704
     14565
     14814
     14673
     14652
     14683
     14571
     14596
     14669
     14500
     14575
     14416
     14500
     14505
     14414
     14310
     14426
     14313
     14481
     14484
     14497
     14381
     14503
     14399
     14347
     14315
     14464
     14207
     14157
     14154
     14175
     14194
     14212
     14233
     13882
     14061
     14328
     14204
     13994
     14401
     13849
     14151
     13792
     14095
     13999
     13920
     13869
     14024
     14069
     13835
     13943
     13835
     13948
     13859
     13942
     14024
     13844
     14020
     13971
     13929
     13947
     13682
     13600
     13906
     13816
     13685
     13554
     13795
     13771
     13733
     13569
     13914
     13803
     13582
     13623
     13537
     13482
     13491
     13617
     13562
     13572
     13451
     13422
     13592
     13619
     13414
     13410
     13435
     13367
     13555
     13453
     13455
     13475
     13477
     13401
     13342
     13394
     13494
     13271
     13513
     13305
     13239
     13530
     13244
     13312
     13459
     13542
     13376
     13301
     13340
     13360
     13400
     13216
     13133
     13224
     13045
     13052
     13108
     12901
     13068
     13179
     12964
     13093
     13022
     13162
     13102
     12944
     13079
     12924
     13349
     13057
     13039
     12841
     13176
     13013
     12854
     12863
     13132
     12782
     12935
     13042
     13042
     13139
     13021
     13021
     12967
     12868
     13096
     13023
     12936
     12865
     12759
     13045
     13011
     12787
     12867
     12831
     13056
     13022
     12782
     13112
     12994
     13083
     12824
     12952
     12872
     12855
     12882
     13106
     12817
     12764
     12912
     12929
     12679
     12832
     12923
     12905
     13002
     13008
     12909
     12828
     12986
     12945
     12946
     12819
     12695
     12834
     12746
     12805
     12824
     12616
     13021
     12899
     12685
     12876
     12764
     12653
     12765
     12739
     12741
     12742
     12887
     12662
     12885
     12603
     12770
     12664
     12656
     12704
     12693
     12664
     12713
     12795
     12806
     12674
     12707
     12615
     12805
     12600
     12767
     12755
     12528
     12532
     12659
     12620
     12383
     12523
     12559
     12597
     12622
     12588
     12486
     12393
     12427
     12422
     12519
     12493
     12458
     12693
     12332
     12690
     12795
     12479
     12740
     12496
     12437
     12638
     12560
     12485
     12420
     12544
     12524
     12752
     12447
     12564
     12592
     12355
     12625
     12430
     12498
     12500
     12455
     12653
     12394
     12474
     12607
     12570
     12415
     12710
     12418
     12633
     12613
     12374
     12316
     12581
     12299
     12449
     12219
     12591
     12555
     12379
     12258
     12448
     12384
     12292
     12373
     12339
     12217
     12121
     12328
     12207
     12115
     12290
     12131
     12181
     12005
     12414
     12091
     12120
     12013
     11829
     12007
     12031
     12023
     11771
     11743
     11770
     11799
     11786
     11898
     11822
     11464
     11544
     11715
     11595
     11510
     11360
     11304
     11396
     11177
     11322
     11462
     11075
     11225
     10862
     11267
     11019
     11089
     10864
     10632
     10909
     10882
     10854
     10711
     10613
     10710
     10542
     10669
     10304
     10348
     10314
     10233
     10252
     10362
     10324
     10061
     10169
     10044
     10052
      9918
      9956
      9855
      9672
      9633
     10013
      9728
      9640
      9629
      9807
      9506
      9618
      9574
      9524
      9454
      9412
      9395
      9559
      9450
      9236
      9372
      9492
      9294
      9274
      9143
      9089
      9006
      9181
      9311
      8988
      9168
      9028
      8835
      9038
      8856
      9076
      8958
      8937
      8904
      8792
      8838
      8807
      8767
      8815
      8987
      8743
      8755
      8820
      8777
      8883
      8853
      8826
      8660
      8698
      8796
      8855
      8552
      8583
      8676
      8690
      8508
      8677
      8681
      8545
      8524
      8526
      8473
      8439
      8336
      8464
      8515
      8691
      8462
      8416
      8563
      8350
      8362
      8458
      8620
      8571
      8471
      8575
      8412
      8370
      8389
      8370
      8332
      8317
      8355
      8523
      8428
      8257
      8205
      8323
      8350
      8296
      8377
      8302
      8227
      8457
      8471
      8371
      8438
      8431
      8562
      8401
      8340
      8618
      8597
      8516
      8748
      8773
      8736
      8826
      9014
      9020
      9079
      9027
      9243
      9437
      9320
      9624
      9612
      9688
      9712
     10218
     10065
     10257
     10206
     10595
     10672
     11007
     11356
     11352
     11500
     11692
     12024
     12186
     12580
     12737
     13063
     13404
     13573
     13907
     14163
     14439
     15006
     15252
     15503
     15779
     16316
     16440
     17128
     17193
     17652
     17959
     18626
     18763
     19236
     19512
     19992
     20293
     20620
     21190
     21506
     21502
     21850
     22311
     22666
     22967
     23327
     23673
     24097
     24296
     24636
     24999
     25114
     25452
     25391
     25833
     25735
     26021
     26020
     26399
     26128
     26446
     26154
     26563
     26241
     26391
     26016
     26361
     26376
     26048
     25678
     25581
     25555
     25644
     25142
     25106
     24705
     24721
     24361
     23936
     23737
     23248
     22848
     22555
     22269
     21697
     21238
     20917
     20391
     20124
     19668
     19269
     18879
     18525
     17651
     17507
     16859
     16611
     15909
     15584
     15207
     14877
     14247
     13735
     13330
     13003
     12435
     11948
     11700
     11174
     11116
     10650
      9980
      9846
      9521
      9247
      8723
      8482
      8212
      7887
      7383
      7368
      7026
      6804
      6593
      6370
      6245
      6006
      5670
      5481
      5356
      5427
      5126
      5068
      4856
      4791
      4741
      4653
      4548
      4356
      4436
      4420
      4327
      4270
      4284
      4152
      4287
      4185
      4311
      4413
      4473
      4510
      4490
      4697
      4745
      4915
      4947
      5031
      5117
      5405
      5426
      5630
      5882
      6002
      6141
      6357
      6663
      6859
      7040
      7292
      7443
      7741
      8092
      8383
      8566
      8899
      9199
      9378
      9692
     10102
     10403
     10636
     10687
     11313
     11565
     11946
     12123
     12361
     12816
     13081
     13511
     13860
     14153
     14654
     15025
     15202
     15436
     15943
     16068
     16483
     16716
     17032
     17241
     17322
     17971
     18097
     18190
     18675
     18964
     18861
     19083
     19641
     19795
     19874
     19949
     20248
     20338
     20076
     20327
     20818
     20676
     20725
     20719
     21104
     20830
     20518
     20764
     20797
     20581
     20267
     20552
     20550
     19997
     19957
     20028
     20047
     19467
     19145
     19274
     18993
     18882
     18308
     18313
     18062
     17852
     17388
     16894
     16744
     16640
     16195
     15701
     15352
     15318
     14714
     14534
     14221
     13752
     13466
     13101
     12689
     12177
     11862
     11498
     11366
     11074
     10396
     10119
      9757
      9671
      9131
      8816
      8698
      8068
      7805
      7444
      7282
      7047
      6707
      6472
      6187
      5984
      5710
      5485
      4959
      4803
      4576
      4426
      4197
      4071
      3773
      3483
      3303
      3151
      3057
      2881
      2740
      2632
      2406
      2315
      2158
      1981
      1901
      1824
      1630
      1602
      1489
      1396
      1295
      1268
      1146
      1071
       933
       928
       859
       873
       753
       731
       676
       569
       569
       495
       499
       436
       396
       353
       336
       364
       349
       303
       283
       272
       221
       230
       196
       199
       169
       169
       148
       130
       123
       136
       126
       128
        96
       109
        97
        91
        74
        93
        60
        74
        63
        70
        80
        60
        57
        56
        55
        49
        55
        66
        44
        54
        54
        47
        35
        54
        43
        44
        46
        45
        43
        52
        49
        45
        38
        40
        35
        33
        44
        41
        51
        45
        43
        47
        45
        42
        40
        45
        40
        44
        33
        31
        33
        34
        36
        44
        40
        38
        35
        29
        49
        35
        47
        42
        49
        29
        44
        43
        34
        42
        36
        44
        54
        42
        39
        48
        36
        44
        27
        37
        44
        32
        30
        40
        37
        36
        32
        33
        40
        32
        32
        27
        40
        33
        42
        35
        34
        39
        42
        36
        48
        45
        38
        43
        37
        34
        23
        43
        37
        48
        48
        32
        33
        28
        31
        22
        30
        36
        42
        29
        37
        42
        30
        30
        32
        38
        38
        34
        26
        36
        32
        38
        35
        32
        41
        31
        32
        25
        38
        35
        30
        31
        26
        34
        24
        37
        29
        25
        32
        30
        48
        41
        41
        30
        36
        31
        34
        31
        28
        35
        35
        39
        26
        26
        37
        25
        20
        35
        29
        33
        25
        34
        19
        32
        34
        35
        26
        30
        33
        27
        44
        36
        37
        30
        31
        24
        20
        26
        33
        33
        39
        28
        29
        28
        28
        35
        27
        27
        33
        43
        29
        33
        25
        33
        25
        28
        36
        33
        27
        32
        21
        27
        23
        26
        29
        33
        32
        29
        34
        27
        32
        33
        22
        21
        28
        28
        33
        29
        27
        14
        37
        34
        26
        30
        28
        21
        40
        31
        24
        30
        25
        30
        29
        25
        24
        29
        27
        15
        19
        24
        25
        31
        29
        26
        12
        24
        24
        26
        23
        20
        23
        24
        29
        19
        22
        29
        23
        21
        22
        22
        21
        31
        22
        20
        19
        32
        20
        21
        22
        27
        33
        30
        24
        17
        18
        16
        22
        24
        17
        23
        24
        17
        29
        28
        17
        22
        21
        23
        17
        25
        25
        29
        23
        20
        18
        37
        27
        19
        27
        29
        23
        21
        26
        21
        25
        24
        21
        24
        14
        21
        25
        18
        23
        27
        15
        29
        21
        18
        17
        11
        16
        20
        20
        28
        20
        25
        21
        29
        18
        20
        23
        15
        31
        22
        23
        20
        22
        17
        17
        18
        21
        25
        29
        16
        32
        19
        22
        13
        18
        20
        25
        26
        20
        23
        26
        21
        30
        33
        17
        19
        19
        17
        20
        25
        19
        25
        19
        16
        19
        18
        19
        25
        30
        26
        12
        20
        16
        19
        20
        18
        16
        17
        14
        22
        16
        22
        24
        17
        15
        16
        15
        19
        20
        20
        14
        21
        22
        18
        24
        19
        10
        13
        11
        15
        20
        12
        17
        24
        14
        16
         5
        14
        21
        20
        15
         6
        14
        16
        17
        25
        15
        20
        19
        18
        15
        24
        26
        19
        19
        16
        14
        19
        23
        19
        17
        12
        17
        15
        12
        13
        15
        13
        16
        13
        18
        14
        13
        18
        11
        14
        19
        21
        13
        15
        15
        13
        11
        17
        11
        22
        17
        17
        14
         8
        13
        13
        17
        15
        15
        13
        16
        16
        15
        14
        15
        15
        14
        12
        14
        13
        13
         8
        13
        13
        19
        17
        24
        13
        16
        12
        14
        16
        17
        17
        20
        27
        18
        18
        10
        11
        14
        14
        13
        13
        16
         7
        15
         8
        14
        13
         9
        20
        13
        18
        11
        12
        15
        17
        19
        16
        15
        15
        19
        17
        14
        14
        13
        13
        14
        12
        16
         9
        17
        10
         8
        14
        14
        13
         7
        13
        18
        11
        12
        11
        11
        14
        13
        11
        13
         9
        14
        15
        14
         8
        17
        13
        12
        11
        11
        10
        14
        17
        14
         6
         9
        12
        13
         5
        13
        14
        15
        10
        14
        21
        18
        15
         9
        10
        12
        15
        19
        17
        10
         9
        10
        13
        16
        10
        16
        12
        15
        15
         8
        14
         9
        15
        16
        14
        12
        13
        18
        10
        12
         7
        19
        12
        14
        11
        10
        17
        13
        15
         8
         6
         9
        15
        19
        13
         9
        13
        10
         9
        14
        11
        12
        14
        14
        12
         8
         9
        14
         9
        18
        14
         6
        11
        18
        11
         8
        18
         8
        10
        17
        20
        11
        10
        11
        12
        13
         8
        15
         9
        13
        12
         9
        15
         9
        12
        14
         8
        12
        12
         9
        14
        11
        12
        13
         9
        11
        11
        14
        14
        11
        12
        11
         9
         8
        11
         9
        15
        10
         8
        12
        15
        11
        11
         9
         9
        12
         8
         8
        14
         8
        10
        12
         9
         9
        13
        16
        16
         9
        17
         7
        10
        22
         6
         5
        17
        12
        13
        10
        12
        17
        10
        15
         6
        11
        12
        15
         7
        14
        10
        11
         7
        11
        14
         6
        10
         7
        13
         7
         7
        11
        13
        16
        10
         7
        10
         8
         5
        14
         9
         5
        10
        10
         7
        13
         8
         5
        10
        20
         6
        11
         8
        10
         8
        10
         9
         8
         8
        15
        11
         9
         5
        10
         9
         7
        14
         8
        13
         9
        13
        12
        14
         7
        10
         7
        14
         8
         7
         8
        12
        13
        12
         4
        10
        12
        11
         5
        13
         8
        12
         9
         7
        16
         6
         7
        10
        12
         4
         7
         4
         6
         5
         7
         8
         6
         8
        13
         8
         4
         5
         7
        10
         7
         8
         6
         8
         9
         9
         8
        11
         6
         9
         7
         8
        10
         5
         7
         9
         8
         6
        11
         8
         5
         6
         8
         7
         9
         8
         9
         7
         8
         2
        11
         6
         4
        10
         8
         6
         6
         3
         5
         6
         3
        11
        11
         4
         5
         7
         4
         6
         9
         8
         3
         3
         5
         7
         7
         6
         7
         6
         4
         4
         6
        11
         6
         5
         6
         4
         2
         7
         9
         3
         3
         4
         5
         5
         5
         6
         4
         4
         4
         5
         8
         3
         3
         6
         7
         3
         3
         4
         3
         5
         4
         4
         4
         6
         4
         5
         6
         1
         5
         2
         2
         3
         6
         4
         1
         4
         6
         4
         7
         3
        10
         2
         4
         5
         5
         6
         6
         3
         6
         6
         2
         2
         5
         3
         7
         4
         2
         4
         5
         5
         7
         5
         0
         7
         7
         1
         8
         5
         8
         6
         3
         2
         4
         9
         8
         8
         6
         5
         4
         8
         7
         6
        10
         8
         5
         4
         7
         2
         6
        10
         6
         6
         9
         7
         7
         7
         4
        10
         6
         5
         4
         5
         7
         9
        10
         7
         5
        10
         7
         8
        13
        11
        10
        13
         8
        10
         8
         8
        13
         9
        10
         8
        13
        11
         7
        12
         8
        13
         5
         7
         7
         8
         6
        12
        13
        10
         9
        11
        11
        10
        10
        11
        15
        10
        13
         9
        15
         6
        14
        10
         7
         9
        13
        13
        12
         9
        12
         8
        13
         4
        13
         8
        11
        12
        10
        15
        17
        15
         9
        10
        19
        12
        17
        13
         9
        13
         3
        10
         8
         7
         8
         6
        16
         5
         8
         9
        13
         9
        11
        11
         7
        14
        10
        11
        14
         8
        10
         9
         8
        13
         4
        10
        15
         4
         9
        12
         8
        10
         3
         5
         4
         6
         4
         5
         9
         9
         4
         3
         9
         6
         8
         4
         8
         2
         6
         8
         7
         3
         3
         5
         7
         5
         5
         3
         3
         2
         6
         2
         5
         3
         2
         7
         4
         3
         3
         2
         4
         2
         1
         2
         1
         0
         3
         1
         2
         2
         1
         1
         0
         4
         2
         2
         1
         2
         3
         0
         0
         0
         0
         0
         0
         1
         2
         0
         1
         3
         1
         0
         0
         1
         1
         1
         2
         1
         0
         2
         0
         0
         2
         1
         1
         0
         0
         0
         0
         0
         0
         0
         0
         0
         0
         0
         0
         1
         1
         0
         0
         1
         1
         0
         0
         0
         0
         0
         0
         0
         0
         0
         0
         0
         0
         0
         0
         0
         0
         0
         0
         0
         0
         0
         0
         0
         0
         0
         0
         0
         0
         0
         0
         0
         0
         0
         0
         0
         0
         0
         0
         0
         0
         0
         0
         0
         0
         0
         0
         0
         0
         0
         0
         0
         0
         0
         0
         0
         0
         0
         0
         0
         0
         0
         0
         0
         0
         0
         0
         0
         0
         0
         0
         0
         0
         0
         0
         0
         0
         0
         0
         0
         0
         0
         0
         0
         0
         0
         0
         0
         0
         0
         0
         0
         0
         0
         0
         0
         0
         0
         0
         0
         0
         0
         0
         0
         0
         0
         0
         0
         0
         0
         0
         0
         0
         0
         0
         0
         0
         0
         0
         0
         0
         0
         0
         0
         0
         0
         0
         0
         0
         0
         0
         0
         0
         0
         0
         0
         0
         0
         0
         0
         0
         0
         0
         0
         0
         0
         0
         0
         0
         0
         0
         0
         0
         0
         0
         0
         0
         0
         0
         0
         0
         0
         0
         0
         0
         0
         0
         0
         0
         0
         0
         0
         0
         0
         0
         0
         0
         0
         0
         0
         0
         0
         0
         0
         0
         0
         0
         0
         0
         0
         0
         0
         0
         0
         0
         0
         0
         0
         0
         0
         0
         0
         0
         0
         0
         0
         0
         0
         0
         0
         0
         0
         0
         0
         0
         0
         0
         0
         0
         0
         0
         0
         0
         0
         0
         0
         0
         0
         0
         0
         0
         0
         0
         0
         0
         0
         0
         0
         0
         0
         0
         0
         0
         0
         0
         0
         0
         0
         0
         0
         0
         0
         0
         0
         0
         0
         0
         0
         0
         0
         0
         0
         0
         0
         0
         0
         0
         0
         0
         0
         0
         0
         0
         0
         0
         0
         0
         0
         0
         0
         0
         0
         0
         0
         0
         0
         0
         0
         0
         0
         0
         0
         0
         0
         0
         0
         0
         0
         0
         0
         0
         0
         0
         0
         0
         0
         0
         0
         0
         0
         0
         0
         0
         0
         0
         0
         0
         0
         0
         0
         0
         0
         0
         0
         0
         0
         0
         0
         0
         0
         0
         0
         0
         0
         0
         0
         0
         0
         0
         0
         0
         0
         0
         0
         0
         0
         0
         0
         0
