         0
         0
         0
         0
         0
         0
         0
         0
         0
         0
      4608
      4730
      4732
      4902
      4731
      4795
      4832
      4769
      4837
      4893
      4823
      4736
      4888
      4807
      4890
      4907
      5004
      4943
      5045
      4862
      4939
      5032
      5087
      5011
      4859
      4949
      5022
      5218
      5124
      5011
      5129
      5096
      5066
      5158
      5037
      5099
      5144
      5005
      5259
      5037
      5279
      5034
      5100
      5052
      5228
      5265
      5245
      5123
      5239
      5140
      5112
      5132
      5275
      5119
      5275
      5214
      5426
      5302
      5408
      5400
      5424
      5386
      5329
      5528
      5523
      5465
      5561
      5584
      5647
      5662
      5908
      5983
      5844
      6041
      6058
      6049
      5958
      6094
      6202
      6263
      6316
      6564
      6382
      6504
      6441
      6718
      6694
      6808
      6835
      6913
      6967
      7164
      7236
      7505
      7323
      7517
      7533
      7669
      7927
      7788
      7834
      8127
      8210
      8310
      8386
      8517
      8571
      8587
      8566
      8699
      8869
      8791
      9035
      9127
      8993
      9227
      9175
      9299
      9265
      9427
      9488
      9302
      9469
      9578
      9522
      9820
      9756
      9762
      9822
      9835
     10012
      9935
      9885
      9993
      9764
      9927
     10056
     10106
     10063
      9999
     10194
     10165
     10163
     10128
     10262
     10218
     10264
     10268
     10367
     10450
     10385
     10568
     10540
     10539
     10554
     10660
     10618
     10825
     10906
     10931
     11001
     10996
     11103
     11234
     11263
     11315
     11478
     11642
     11788
     11833
     11794
     12081
     12205
     12339
     12426
     12437
     12693
     12743
     12865
     13040
     13104
     13037
     13198
     13216
     12923
     13289
     13221
     13337
     13231
     13162
     13151
     13086
     12966
     13053
     13142
     13029
     12956
     12726
     12920
     12811
     12720
     12662
     12726
     12677
     12663
     12692
     12296
     12369
     12431
     12148
     12362
     12168
     12166
     11993
     12065
     12033
     11759
     11961
     11740
     11737
     11717
     11825
     11404
     11477
     11703
     11501
     11590
     11571
     11293
     11335
     11307
     11255
     11289
     11319
     11189
     10857
     11141
     10893
     11077
     10836
     10981
     10981
     10746
     10741
     10887
     10615
     10685
     10735
     10663
     10650
     10536
     10467
     10590
     10336
     10391
     10335
     10354
     10327
     10209
     10154
     10278
     10221
     10264
     10221
     10281
     10252
     10169
     10074
     10053
      9898
      9989
      9869
      9810
      9758
      9757
      9800
      9847
      9697
      9503
      9683
      9753
      9590
      9503
      9400
      9552
      9618
      9597
      9466
      9525
      9635
      9418
      9472
      9492
      9512
      9308
      9207
      9132
      9215
      9307
      9157
      9128
      9223
      9379
      9301
      9151
      9155
      9214
      8992
      9025
      9231
      9054
      8885
      8948
      9076
      8901
      8851
      8831
      8828
      8813
      8715
      8757
      8808
      8636
      8601
      8536
      8745
      8675
      8596
      8444
      8528
      8408
      8485
      8440
      8494
      8267
      8278
      8353
      8411
      8379
      8535
      8476
      8313
      8300
      8358
      8393
      8276
      8221
      8195
      8273
      8108
      8152
      8225
      8172
      8272
      8085
      8084
      8087
      8147
      8123
      7984
      7896
      8094
      8013
      8002
      8044
      7998
      7943
      7907
      7978
      8077
      7985
      7863
      7905
      7875
      7794
      7856
      7882
      7984
      7911
      7873
      7870
      7821
      7917
      7854
      7571
      7726
      8047
      7816
      7691
      7758
      7678
      7884
      7763
      7678
      7836
      7873
      7863
      7662
      7725
      7921
      7784
      7647
      7736
      7658
      7743
      7768
      7898
      7836
      7877
      7698
      7640
      7739
      7578
      7528
      7485
      7562
      7618
      7746
      7784
      7775
      7659
      7612
      7702
      7679
      7857
      7565
      7569
      7644
      7539
      7661
      7607
      7680
      7510
      7505
      7733
      7606
      7706
      7558
      7598
      7450
      7526
      7522
      7479
      7329
      7395
      7476
      7365
      7284
      7262
      7098
      7162
      7100
      7124
      7017
      6975
      6870
      6824
      6858
      6676
      6561
      6568
      6671
      6574
      6377
      6417
      6263
      6092
      6173
      6064
      6007
      5858
      5840
      5724
      5676
      5552
      5528
      5385
      5486
      5205
      5318
      5220
      5068
      5171
      5000
      5051
      5035
      4729
      4809
      4746
      4733
      4730
      4544
      4501
      4560
      4570
      4360
      4364
      4373
      4408
      4332
      4259
      4289
      4297
      4239
      4189
      4069
      4249
      4106
      4078
      4075
      4048
      4024
      4066
      3939
      3932
      3951
      3967
      3863
      3958
      3908
      3904
      3803
      3749
      3866
      3910
      3754
      3781
      3739
      3787
      3802
      3766
      3779
      3675
      3662
      3726
      3675
      3613
      3786
      3592
      3579
      3630
      3650
      3642
      3609
      3625
      3609
      3734
      3575
      3627
      3552
      3591
      3670
      3570
      3607
      3548
      3579
      3499
      3604
      3548
      3597
      3512
      3482
      3365
      3487
      3546
      3600
      3515
      3656
      3478
      3597
      3478
      3508
      3435
      3563
      3508
      3377
      3499
      3479
      3465
      3492
      3624
      3618
      3544
      3632
      3714
      3623
      3644
      3698
      3728
      3842
      3929
      4093
      4064
      4237
      4377
      4488
      4547
      4690
      4893
      5075
      5404
      5631
      5944
      6001
      6366
      6902
      7238
      7415
      7884
      8324
      8938
      9377
     10026
     10665
     11076
     11943
     12373
     13126
     14002
     14939
     15561
     16528
     17444
     18266
     19297
     20254
     21228
     22459
     23180
     24115
     25311
     26544
     27394
     28606
     29469
     30416
     31392
     32209
     32752
     34085
     34985
     35450
     35943
     36742
     37246
     37399
     38214
     38186
     38701
     38764
     38946
     38670
     38931
     38379
     38374
     37913
     37290
     37478
     36891
     36041
     35015
     34424
     33515
     32786
     31907
     31340
     29996
     28940
     27570
     26644
     25738
     24639
     23464
     22504
     21359
     20356
     19095
     18117
     17154
     16147
     15205
     14084
     13019
     12202
     11491
     10736
      9670
      9048
      8288
      7591
      7103
      6520
      5940
      5384
      5067
      4503
      4053
      3572
      3329
      3012
      2741
      2315
      1964
      1902
      1721
      1494
      1326
      1135
      1033
       903
       787
       651
       645
       536
       495
       401
       351
       272
       287
       240
       163
       184
       158
       125
       105
        75
        70
        61
        52
        56
        43
        22
        24
        19
        15
        16
         8
        12
         4
         6
         7
         6
         3
         1
         3
         0
         1
         2
         0
         2
         1
         0
         0
         0
         0
         1
         0
         1
         0
         0
         0
         0
         1
         1
         0
         0
         0
         0
         0
         0
         0
         2
         0
         0
         0
         1
         0
         0
         0
         0
         0
         0
         0
         1
         0
         0
         0
         0
         0
         0
         0
         0
         0
         0
         0
         0
         0
         0
         0
         0
         0
         0
         0
         1
         0
         0
         0
         1
         0
         1
         0
         0
         0
         1
         0
         0
         0
         0
         0
         0
         0
         0
         0
         0
         0
         0
         0
         0
         0
         0
         0
         0
         0
         0
         0
         0
         0
         0
         0
         0
         0
         0
         0
         0
         0
         0
         0
         0
         0
         0
         0
         0
         0
         0
         0
         0
         0
         0
         0
         0
         0
         0
         0
         0
         0
         0
         0
         0
         0
         0
         0
         0
         0
         0
         0
         0
         0
         0
         0
         0
         0
         0
         0
         0
         0
         0
         0
         0
         0
         0
         0
         0
         0
         0
         0
         0
         0
         0
         0
         0
         0
         0
         1
         0
         0
         0
         0
         0
         0
         0
         0
         0
         0
         0
         0
         0
         0
         0
         0
         0
         0
         0
         0
         0
         0
         0
         0
         0
         0
         0
         0
         0
         0
         0
         0
         0
         0
         0
         0
         0
         0
         0
         0
         0
         0
         0
         0
         0
         0
         1
         0
         0
         1
         0
         0
         0
         0
         0
         0
         0
         0
         0
         0
         0
         0
         0
         0
         0
         0
         0
         0
         0
         0
         0
         0
         0
         0
         0
         0
         0
         0
         0
         0
         0
         0
         0
         0
         0
         0
         0
         0
         0
         0
         0
         0
         0
         0
         0
         0
         0
         0
         0
         0
         0
         0
         0
         0
         0
         0
         0
         0
         0
         0
         0
         0
         0
         0
         0
         0
         0
         0
         0
         0
         0
         0
         0
         0
         0
         0
         0
         0
         0
         0
         0
         0
         0
         0
         0
         0
         0
         0
         0
         0
         0
         0
         0
         0
         0
         0
         0
         0
         0
         0
         0
         0
         0
         0
         0
         0
         0
         0
         0
         0
         0
         0
         0
         0
         0
         0
         0
         0
         0
         0
         0
         0
         0
         0
         0
         0
         0
         0
         0
         0
         0
         0
         0
         0
         0
         0
         0
         0
         0
         0
         0
         0
         0
         0
         0
         0
         0
         0
         0
         0
         0
         0
         0
         0
         0
         0
         0
         0
         0
         0
         0
         0
         0
         0
         0
         0
         0
         0
         0
         0
         0
         0
         0
         0
         0
         0
         0
         0
         0
         0
         0
         0
         0
         0
         0
         0
         0
         0
         0
         0
         0
         0
         0
         0
         0
         0
         0
         0
         0
         0
         0
         0
         0
         0
         0
         0
         0
         0
         0
         0
         0
         0
         0
         0
         0
         0
         0
         0
         0
         0
         0
         0
         0
         0
         0
         0
         0
         0
         0
         0
         0
         0
         0
         0
         0
         0
         0
         0
         0
         0
         0
         0
         0
         0
         0
         0
         0
         0
         0
         0
         0
         0
         0
         0
         0
         0
         0
         0
         0
         0
         0
         0
         0
         0
         0
         0
         0
         0
         0
         0
         0
         0
         0
         0
         0
         0
         0
         0
         0
         0
         0
         0
         0
         0
         0
         0
         0
         0
         0
         0
         0
         0
         0
         0
         0
         0
         0
         0
         0
         0
         0
         0
         0
         0
         0
         0
         0
         0
         0
         0
         0
         0
         0
         0
         0
         0
         0
         0
         0
         0
         0
         0
         0
         0
         0
         0
         0
         0
         0
         0
         0
         0
         0
         0
         0
         0
         0
         0
         0
         0
         0
         0
         0
         0
         0
         0
         0
         0
         0
         0
         0
         0
         0
         0
         0
         0
         0
         0
         0
         0
         0
         0
         0
         0
         0
         0
         0
         0
         0
         0
         0
         0
         0
         0
         0
         0
         0
         0
         0
         0
         0
         0
         0
         0
         0
         0
         0
         0
         0
         0
         0
         0
         0
         0
         0
         0
         0
         0
         0
         0
         0
         0
         0
         0
         0
         0
         0
         0
         0
         0
         0
         0
         0
         0
         0
         0
         0
         0
         0
         0
         0
         0
         0
         0
         0
         0
         0
         0
         0
         0
         0
         0
         0
         0
         0
         0
         0
         0
         0
         0
         0
         0
         0
         0
         0
         0
         0
         0
         0
         0
         0
         0
         0
         0
         0
         0
         0
         0
         0
         0
         0
         0
         0
         0
         0
         0
         0
         0
         0
         0
         0
         0
         0
         0
         0
         0
         0
         0
         0
         0
         0
         0
         0
         0
         0
         0
         0
         0
         0
         0
         0
         0
         0
         0
         0
         0
         0
         0
         0
         0
         0
         0
         0
         0
         0
         0
         0
         0
         0
         0
         0
         0
         0
         0
         0
         0
         0
         0
         0
         0
         0
         0
         0
         0
         0
         0
         0
         0
         0
         0
         0
         0
         0
         0
         0
         0
         0
         0
         0
         0
         0
         0
         0
         0
         0
         0
         0
         0
         0
         0
         0
         0
         0
         0
         0
         0
         0
         0
         0
         0
         0
         0
         0
         0
         0
         0
         0
         0
         0
         0
         0
         0
         0
         0
         0
         0
         0
         0
         0
         0
         0
         0
         0
         0
         0
         0
         0
         0
         0
         0
         0
         0
         0
         0
         0
         0
         0
         0
         0
         0
         0
         0
         0
         0
         0
         0
         0
         0
         0
         0
         0
         0
         0
         0
         0
         0
         0
         0
         0
         0
         0
         0
         0
         0
         0
         0
         0
         0
         0
         0
         0
         0
         0
         0
         0
         0
         0
         0
         0
         0
         0
         0
         0
         0
         0
         0
         0
         0
         0
         0
         0
         0
         0
         0
         0
         0
         0
         0
         0
         0
         0
         0
         0
         0
         0
         0
         0
         0
         0
         0
         0
         0
         0
         0
         0
         0
         0
         0
         0
         0
         0
         0
         0
         0
         0
         0
         0
         0
         0
         0
         0
         0
         0
         0
         0
         0
         0
         0
         0
         0
         0
         0
         0
         0
         0
         0
         0
         0
         0
         0
         0
         0
         0
         0
         0
         0
         0
         0
         0
         0
         0
         0
         0
         0
         0
         0
         0
         0
         0
         0
         0
         0
         0
         0
         0
         0
         0
         0
         0
         0
         0
         0
         0
         0
         0
         0
         0
         0
         0
         0
         0
         0
         0
         0
         0
         0
         0
         0
         0
         0
         0
         0
         0
         0
         0
         0
         0
         0
         0
         0
         0
         0
         0
         0
         0
         0
         0
         0
         0
         0
         0
         0
         0
         0
         0
         0
         0
         0
         0
         0
         0
         0
         0
         0
         0
         0
         0
         0
         0
         0
         0
         0
         0
         0
         0
         0
         0
         0
         0
         0
         0
         0
         0
         0
         0
         0
         0
         0
         0
         0
         0
         0
         0
         0
         0
         0
         0
         0
         0
         0
         0
         0
         0
         0
         0
         0
         0
         0
         0
         0
         0
         0
         0
         0
         0
         0
         0
         0
         0
         0
         0
         0
         0
         0
         0
         0
         0
         0
         0
         0
         0
         0
         0
         0
         0
         0
         0
         0
         0
         0
         0
         0
         0
         0
         0
         0
         0
         0
         0
         0
         0
         0
         0
         0
         0
         0
         0
         0
         0
         0
         0
         0
         0
         0
         0
         0
         0
         0
         0
         0
         0
         0
         0
         0
         0
         0
         0
         0
         0
         0
         0
         0
         0
         0
         0
         0
         0
         0
         0
         0
         0
         0
         0
         0
         0
         0
         0
         0
         0
         0
         0
         0
         0
         0
         0
         0
         0
         0
         0
         0
         0
         0
         0
         0
         0
         0
         0
         0
         0
         0
         0
         0
         0
         0
         0
         0
         0
         0
         0
         0
         0
         0
         0
         0
         0
         0
         0
         0
         0
         0
         0
         0
         0
         0
         0
         0
         0
         0
         0
         0
         0
         0
         0
         0
         0
         0
         0
         0
         0
         0
         0
         0
         0
         0
         0
         0
         0
         0
         0
         0
         0
         0
         0
         0
         0
         0
         0
         0
         0
         0
         0
         0
         0
         0
         0
         0
         0
         0
         0
         0
         0
         0
         0
         0
         0
         0
         0
         0
         0
         0
         0
         0
         0
         0
         0
         0
         0
         0
         0
         0
         0
         0
         0
         0
         0
         0
         0
         0
         0
         0
         0
         0
         0
         0
         0
         0
         0
         0
         0
         0
         0
         0
         0
         0
         0
         0
         0
         0
         0
         0
         0
         0
         0
         0
         0
         0
         0
         0
         0
         0
         0
         0
         0
         0
         0
         0
         0
         0
         0
         0
         0
         0
         0
         0
         0
         0
         0
         0
         0
         0
         0
         0
         0
         0
         0
         0
         0
         0
         0
         0
         0
         0
         0
         0
         0
         0
         0
         0
         0
         0
         0
         0
         0
         0
         0
         0
         0
         0
         0
         0
         0
         0
         0
         0
         0
         0
         0
         0
         0
         0
         0
         0
         0
         0
         0
         0
         0
         0
         0
         0
         0
         0
         0
         0
         0
         0
         0
         0
         0
         0
         0
         0
         0
         0
         0
         0
         0
         0
         0
         0
         0
         0
         0
         0
         0
         0
         0
         0
         0
         0
         0
         0
         0
         0
         0
         0
         0
         0
         0
         0
         0
         0
         0
         0
         0
         0
         0
         0
         0
         0
         0
         0
         0
         0
         0
         0
         0
         0
         0
         0
         0
         0
         0
         0
         0
         0
         0
         0
         0
         0
         0
         0
         0
         0
         0
         0
         0
         0
         0
         0
         0
         0
         0
         0
         0
         0
         0
         0
         0
         0
         0
         0
         0
         0
         0
         0
         0
         0
         0
         0
         0
         0
         0
         0
         0
         0
         0
         0
         0
         0
         0
         0
         0
         0
         0
         0
         0
         0
         0
         0
         0
         0
         0
         0
         0
         0
         0
         0
         0
         0
         0
         0
         0
         0
         0
         0
         0
         0
         0
         0
         0
         0
         0
         0
         0
         0
         0
         0
         0
         0
         0
         0
         0
         0
         0
         0
         0
         0
         0
         0
         0
         0
         0
         0
         0
         0
         0
         0
         0
         0
         0
         0
         0
         0
         0
         0
         0
         0
         0
         0
         0
         0
         0
         0
         0
         0
         0
         0
         0
         0
         0
         0
         0
         0
         0
         0
         0
         0
         0
         0
         0
         0
         0
         0
         0
         0
         0
         0
         0
         0
         0
         0
         0
         0
         0
         0
         0
         0
         0
         0
         0
         0
         0
         0
         0
         0
         0
         0
         0
         0
         0
         0
         0
         0
         0
         0
         0
         0
         0
         0
         0
         0
         0
         0
         0
         0
         0
         0
         0
         0
         0
         0
         0
         0
         0
         0
         0
         0
         0
         0
         0
         0
         0
         0
         0
         0
         0
         0
         0
         0
         0
         0
         0
         0
         0
         0
         0
         0
         0
         0
         0
         0
         0
         0
         0
         0
         0
         0
         0
         0
         0
         0
         0
         0
         0
         0
         0
         0
         0
         0
         0
         0
         0
         0
         0
         0
         0
         0
         0
         0
         0
         0
         0
         0
         0
         0
         0
         0
         0
         0
         0
         0
         0
         0
         0
         0
         0
         0
         0
         0
         0
         0
         0
         0
         0
         0
         0
         0
         0
         0
         0
         0
         0
         0
         0
         0
         0
         0
         0
         0
         0
         0
         0
         0
         0
         0
         0
         0
         0
         0
         0
         0
         0
         0
         0
         0
         0
         0
         0
         0
         0
         0
         0
         0
         0
         0
         0
         0
         0
         0
         0
         0
         0
         0
         0
         0
         0
         0
         0
         0
         0
         0
         0
         0
         0
         0
         0
         0
         0
         0
         0
         0
         0
         0
         0
         0
         0
         0
         0
         0
         0
         0
         0
         0
         0
         0
         0
         0
         0
         0
         0
         0
         0
         0
         0
         0
         0
         0
         0
         0
         0
         0
         0
         0
         0
         0
         0
         0
         0
         0
         0
         0
         0
         0
         0
         0
         0
         0
         0
         0
         0
         0
         0
         0
         0
         0
         0
         0
         0
         0
         0
         0
         0
         0
         0
         0
         0
         0
         0
         0
         0
         0
         0
         0
         0
         0
         0
         0
         0
         0
         0
         0
         0
         0
         0
         0
         0
         0
         0
         0
         0
         0
         0
         0
         0
         0
         0
         0
         0
         0
         0
         0
         0
         0
         0
         0
         0
         0
         0
         0
         0
         0
         0
         0
         0
         0
         0
         0
         0
         0
         0
         0
         0
         0
         0
         0
         0
         0
         0
         0
         0
         0
         0
         0
         0
         0
         0
         0
         0
         0
         0
         0
         0
         0
         0
         0
         0
         0
         0
         0
         0
         0
         0
         0
         0
         0
         0
         0
         0
         0
         0
         0
         0
         0
         0
         0
         0
         0
         0
         0
         0
         0
         0
         0
         0
         0
         0
         0
         0
         0
         0
         0
         0
         0
         0
         0
         0
         0
         0
         0
         0
         0
         0
         0
         0
         0
         0
         0
         0
         0
         0
         0
         0
         0
         0
         0
         0
         0
         0
         0
         0
         0
         0
         0
         0
         0
         0
         0
         0
         0
         0
         0
         0
         0
         0
         0
         0
         0
         0
         0
         0
         0
         0
         0
         0
         0
         0
         0
         0
         0
         0
         0
         0
         0
         0
         0
         0
         0
         0
         0
         0
         0
         0
         0
         0
         0
         0
         0
         0
         0
         0
         0
         0
         0
         0
         0
         0
         0
         0
         0
         0
         0
         0
         0
         0
         0
         0
         0
         0
         0
         0
         0
         0
         0
         0
         0
         0
         0
         0
         0
         0
         0
         0
         0
         0
         0
         0
         0
         0
         0
         0
         0
         0
         0
         0
         0
         0
         0
         0
         0
         0
         0
         0
         0
         0
         0
         0
         0
         0
         0
         0
         0
         0
         0
         0
         0
         0
         0
         0
         0
         0
         0
         0
         0
         0
         0
         0
         0
         0
         0
         0
         0
         0
         0
         0
         0
         0
         0
         0
         0
         0
         0
         0
         0
         0
         0
         0
         0
         0
         0
         0
         0
         0
         0
         0
         0
         0
         0
         0
         0
         0
         0
         0
         0
         0
         0
         0
         0
         0
         0
         0
         0
         0
         0
         0
         0
         0
         0
         0
         0
         0
         0
         0
         0
         0
         0
         0
         0
         0
         0
         0
         0
         0
         0
         0
         0
         0
         0
         0
         0
         0
         0
         0
         0
         0
         0
         0
         0
         0
         0
         0
         0
         0
         0
         0
         0
         0
         0
         0
         0
         0
         0
         0
         0
         0
         0
         0
         0
         0
         0
         0
         0
         0
         0
         0
         0
         0
         0
         0
         0
         0
         0
         0
         0
         0
         0
         0
         0
         0
         0
         0
         0
         0
         0
         0
         0
         0
         0
         0
         0
         0
         0
         0
         0
         0
         0
         0
         0
         0
         0
         0
         0
         0
         0
         0
         0
